source_id	target_id	frequency	source_name	target_name	source_raw	target_raw
2	1	0.82	M1046	M1024	ME_M1046	ME_M1024
3	1	0.007	M1115	M1024	ME_M1115	ME_M1024
4	1	0.1005	M1158	M1024	ME_M1158	ME_M1024
5	1	0.042	M1196	M1024	ME_M1196	ME_M1024
6	1	0.0195	M1198	M1024	ME_M1198	ME_M1024
7	1	0.021	M1206	M1024	ME_M1206	ME_M1024
8	1	0.0045	M1263	M1024	ME_M1263	ME_M1024
9	1	0.0075	M1304	M1024	ME_M1304	ME_M1024
10	1	0.0025	M1308	M1024	ME_M1308	ME_M1024
11	1	0.002	M1313	M1024	ME_M1313	ME_M1024
13	1	0.017	M1317	M1024	ME_M1317	ME_M1024
14	1	0.004	M1403	M1024	ME_M1403	ME_M1024
15	1	0.006	M1405	M1024	ME_M1405	ME_M1024
16	1	0.0035	M144	M1024	ME_M144	ME_M1024
17	1	0.003	M1460	M1024	ME_M1460	ME_M1024
18	1	0.002	M1464	M1024	ME_M1464	ME_M1024
19	1	0.004	M1477	M1024	ME_M1477	ME_M1024
20	1	0.0025	M1505	M1024	ME_M1505	ME_M1024
21	1	0.005	M1506	M1024	ME_M1506	ME_M1024
22	1	0.0035	M1508	M1024	ME_M1508	ME_M1024
23	1	0.003	M1509	M1024	ME_M1509	ME_M1024
24	1	0.003	M1510	M1024	ME_M1510	ME_M1024
25	1	0.0035	M1537	M1024	ME_M1537	ME_M1024
26	1	0.0045	M154	M1024	ME_M154	ME_M1024
27	1	0.005	M1543	M1024	ME_M1543	ME_M1024
28	1	0.0005	M1547	M1024	ME_M1547	ME_M1024
29	1	0.0375	M1548	M1024	ME_M1548	ME_M1024
30	1	0.0275	M1556	M1024	ME_M1556	ME_M1024
31	1	0.0105	M1557	M1024	ME_M1557	ME_M1024
32	1	0.009	M1564	M1024	ME_M1564	ME_M1024
34	1	0.005	M158	M1024	ME_M158	ME_M1024
35	1	0.011	M1582	M1024	ME_M1582	ME_M1024
36	1	0.0015	M1592	M1024	ME_M1592	ME_M1024
37	1	0.0055	M1599	M1024	ME_M1599	ME_M1024
38	1	0.2635	M1640	M1024	ME_M1640	ME_M1024
39	1	0.005	M1643	M1024	ME_M1643	ME_M1024
40	1	0.018	M1644	M1024	ME_M1644	ME_M1024
41	1	0.008	M1649	M1024	ME_M1649	ME_M1024
42	1	0.015	M1650	M1024	ME_M1650	ME_M1024
43	1	0.021	M1654	M1024	ME_M1654	ME_M1024
44	1	0.0365	M1710	M1024	ME_M1710	ME_M1024
45	1	0.0055	M1823	M1024	ME_M1823	ME_M1024
46	1	0.006	M1849	M1024	ME_M1849	ME_M1024
47	1	0.2275	M1861	M1024	ME_M1861	ME_M1024
48	1	0.007	M187	M1024	ME_M187	ME_M1024
49	1	0.015	M188	M1024	ME_M188	ME_M1024
50	1	0.001	M189	M1024	ME_M189	ME_M1024
52	1	0.022	M1904	M1024	ME_M1904	ME_M1024
53	1	0.008	M191	M1024	ME_M191	ME_M1024
54	1	0.012	M1918	M1024	ME_M1918	ME_M1024
55	1	0.005	M192	M1024	ME_M192	ME_M1024
56	1	0.0075	M193	M1024	ME_M193	ME_M1024
57	1	0.002	M1969	M1024	ME_M1969	ME_M1024
58	1	0.0675	M2198	M1024	ME_M2198	ME_M1024
59	1	0.0005	M229	M1024	ME_M229	ME_M1024
60	1	0.035	M34	M1024	ME_M34	ME_M1024
61	1	0.004	M376	M1024	ME_M376	ME_M1024
62	1	0.022	M38	M1024	ME_M38	ME_M1024
63	1	0.212	M396	M1024	ME_M396	ME_M1024
64	1	0.0115	M56	M1024	ME_M56	ME_M1024
65	1	0.0135	M59	M1024	ME_M59	ME_M1024
66	1	0.5185	M635	M1024	ME_M635	ME_M1024
67	1	0.02	M637	M1024	ME_M637	ME_M1024
68	1	0.0045	M644	M1024	ME_M644	ME_M1024
69	1	0.0105	M65	M1024	ME_M65	ME_M1024
70	1	0.007	M660	M1024	ME_M660	ME_M1024
71	1	0.0165	M68	M1024	ME_M68	ME_M1024
72	1	0.001	M736	M1024	ME_M736	ME_M1024
73	1	0.0055	M737	M1024	ME_M737	ME_M1024
74	1	0.026	M742	M1024	ME_M742	ME_M1024
75	1	0.0025	M744	M1024	ME_M744	ME_M1024
76	1	0.0115	M883	M1024	ME_M883	ME_M1024
77	1	0.0075	M91	M1024	ME_M91	ME_M1024
78	1	0.0045	M92	M1024	ME_M92	ME_M1024
79	1	0.0085	M93	M1024	ME_M93	ME_M1024
80	1	0.0155	M936	M1024	ME_M936	ME_M1024
1	2	0.055	M1024	M1046	ME_M1024	ME_M1046
3	2	0.018	M1115	M1046	ME_M1115	ME_M1046
4	2	0.011	M1158	M1046	ME_M1158	ME_M1046
5	2	0.149	M1196	M1046	ME_M1196	ME_M1046
6	2	0.317	M1198	M1046	ME_M1198	ME_M1046
7	2	0.031	M1206	M1046	ME_M1206	ME_M1046
8	2	0.0045	M1263	M1046	ME_M1263	ME_M1046
9	2	0.0085	M1304	M1046	ME_M1304	ME_M1046
10	2	0.003	M1308	M1046	ME_M1308	ME_M1046
12	2	0.001	M1314	M1046	ME_M1314	ME_M1046
13	2	0.0125	M1317	M1046	ME_M1317	ME_M1046
14	2	0.0005	M1403	M1046	ME_M1403	ME_M1046
15	2	0.0045	M1405	M1046	ME_M1405	ME_M1046
16	2	0.008	M144	M1046	ME_M144	ME_M1046
17	2	0.001	M1460	M1046	ME_M1460	ME_M1046
19	2	0.0135	M1477	M1046	ME_M1477	ME_M1046
20	2	0.004	M1505	M1046	ME_M1505	ME_M1046
21	2	0.0055	M1506	M1046	ME_M1506	ME_M1046
22	2	0.005	M1508	M1046	ME_M1508	ME_M1046
23	2	0.003	M1509	M1046	ME_M1509	ME_M1046
24	2	0.009	M1510	M1046	ME_M1510	ME_M1046
25	2	0.0045	M1537	M1046	ME_M1537	ME_M1046
26	2	0.005	M154	M1046	ME_M154	ME_M1046
27	2	0.009	M1543	M1046	ME_M1543	ME_M1046
28	2	0.001	M1547	M1046	ME_M1547	ME_M1046
29	2	0.0025	M1548	M1046	ME_M1548	ME_M1046
30	2	0.4515	M1556	M1046	ME_M1556	ME_M1046
31	2	0.037	M1557	M1046	ME_M1557	ME_M1046
32	2	0.041	M1564	M1046	ME_M1564	ME_M1046
33	2	0.001	M1572	M1046	ME_M1572	ME_M1046
34	2	0.006	M158	M1046	ME_M158	ME_M1046
35	2	0.0455	M1582	M1046	ME_M1582	ME_M1046
36	2	0.0005	M1592	M1046	ME_M1592	ME_M1046
37	2	0.0045	M1599	M1046	ME_M1599	ME_M1046
38	2	0.0015	M1640	M1046	ME_M1640	ME_M1046
39	2	0.007	M1643	M1046	ME_M1643	ME_M1046
40	2	0.026	M1644	M1046	ME_M1644	ME_M1046
41	2	0.0415	M1649	M1046	ME_M1649	ME_M1046
42	2	0.009	M1650	M1046	ME_M1650	ME_M1046
43	2	0.233	M1654	M1046	ME_M1654	ME_M1046
44	2	0.0885	M1710	M1046	ME_M1710	ME_M1046
45	2	0.1475	M1823	M1046	ME_M1823	ME_M1046
46	2	0.0075	M1849	M1046	ME_M1849	ME_M1046
47	2	0.006	M1861	M1046	ME_M1861	ME_M1046
48	2	0.0095	M187	M1046	ME_M187	ME_M1046
49	2	0.007	M188	M1046	ME_M188	ME_M1046
51	2	0.001	M1903	M1046	ME_M1903	ME_M1046
52	2	0.0015	M1904	M1046	ME_M1904	ME_M1046
53	2	0.0055	M191	M1046	ME_M191	ME_M1046
54	2	0.0265	M1918	M1046	ME_M1918	ME_M1046
55	2	0.0035	M192	M1046	ME_M192	ME_M1046
56	2	0.0405	M193	M1046	ME_M193	ME_M1046
57	2	0.0055	M1969	M1046	ME_M1969	ME_M1046
58	2	0.007	M2198	M1046	ME_M2198	ME_M1046
60	2	0.0115	M34	M1046	ME_M34	ME_M1046
61	2	0.0045	M376	M1046	ME_M376	ME_M1046
62	2	0.003	M38	M1046	ME_M38	ME_M1046
63	2	0.0045	M396	M1046	ME_M396	ME_M1046
64	2	0.0235	M56	M1046	ME_M56	ME_M1046
65	2	0.1315	M59	M1046	ME_M59	ME_M1046
66	2	0.039	M635	M1046	ME_M635	ME_M1046
67	2	0.223	M637	M1046	ME_M637	ME_M1046
68	2	0.0025	M644	M1046	ME_M644	ME_M1046
69	2	0.017	M65	M1046	ME_M65	ME_M1046
70	2	0.015	M660	M1046	ME_M660	ME_M1046
71	2	0.137	M68	M1046	ME_M68	ME_M1046
72	2	0.0015	M736	M1046	ME_M736	ME_M1046
73	2	0.0035	M737	M1046	ME_M737	ME_M1046
75	2	0.0035	M744	M1046	ME_M744	ME_M1046
76	2	0.053	M883	M1046	ME_M883	ME_M1046
77	2	0.0025	M91	M1046	ME_M91	ME_M1046
78	2	0.0165	M92	M1046	ME_M92	ME_M1046
79	2	0.0175	M93	M1046	ME_M93	ME_M1046
80	2	0.14	M936	M1046	ME_M936	ME_M1046
1	3	0.0145	M1024	M1115	ME_M1024	ME_M1115
2	3	0.0365	M1046	M1115	ME_M1046	ME_M1115
4	3	0.2005	M1158	M1115	ME_M1158	ME_M1115
5	3	0.0365	M1196	M1115	ME_M1196	ME_M1115
6	3	0.1675	M1198	M1115	ME_M1198	ME_M1115
7	3	0.0275	M1206	M1115	ME_M1206	ME_M1115
8	3	0.038	M1263	M1115	ME_M1263	ME_M1115
9	3	0.0115	M1304	M1115	ME_M1304	ME_M1115
10	3	0.0045	M1308	M1115	ME_M1308	ME_M1115
11	3	0.008	M1313	M1115	ME_M1313	ME_M1115
12	3	0.003	M1314	M1115	ME_M1314	ME_M1115
13	3	0.018	M1317	M1115	ME_M1317	ME_M1115
14	3	0.0125	M1403	M1115	ME_M1403	ME_M1115
15	3	0.008	M1405	M1115	ME_M1405	ME_M1115
16	3	0.012	M144	M1115	ME_M144	ME_M1115
17	3	0.0215	M1460	M1115	ME_M1460	ME_M1115
18	3	0.0175	M1464	M1115	ME_M1464	ME_M1115
19	3	0.008	M1477	M1115	ME_M1477	ME_M1115
20	3	0.005	M1505	M1115	ME_M1505	ME_M1115
21	3	0.004	M1506	M1115	ME_M1506	ME_M1115
22	3	0.0035	M1508	M1115	ME_M1508	ME_M1115
23	3	0.005	M1509	M1115	ME_M1509	ME_M1115
24	3	0.0045	M1510	M1115	ME_M1510	ME_M1115
25	3	0.0025	M1537	M1115	ME_M1537	ME_M1115
26	3	0.0065	M154	M1115	ME_M154	ME_M1115
27	3	0.0095	M1543	M1115	ME_M1543	ME_M1115
29	3	0.002	M1548	M1115	ME_M1548	ME_M1115
30	3	0.005	M1556	M1115	ME_M1556	ME_M1115
31	3	0.0085	M1557	M1115	ME_M1557	ME_M1115
32	3	0.003	M1564	M1115	ME_M1564	ME_M1115
33	3	0.0015	M1572	M1115	ME_M1572	ME_M1115
34	3	0.009	M158	M1115	ME_M158	ME_M1115
35	3	0.6335	M1582	M1115	ME_M1582	ME_M1115
36	3	0.04	M1592	M1115	ME_M1592	ME_M1115
37	3	0.1505	M1599	M1115	ME_M1599	ME_M1115
38	3	0.051	M1640	M1115	ME_M1640	ME_M1115
39	3	0.002	M1643	M1115	ME_M1643	ME_M1115
40	3	0.0125	M1644	M1115	ME_M1644	ME_M1115
41	3	0.0055	M1649	M1115	ME_M1649	ME_M1115
42	3	0.034	M1650	M1115	ME_M1650	ME_M1115
43	3	0.057	M1654	M1115	ME_M1654	ME_M1115
44	3	0.012	M1710	M1115	ME_M1710	ME_M1115
45	3	0.0075	M1823	M1115	ME_M1823	ME_M1115
46	3	0.0045	M1849	M1115	ME_M1849	ME_M1115
47	3	0.0065	M1861	M1115	ME_M1861	ME_M1115
48	3	0.005	M187	M1115	ME_M187	ME_M1115
49	3	0.0035	M188	M1115	ME_M188	ME_M1115
50	3	0.0085	M189	M1115	ME_M189	ME_M1115
51	3	0.002	M1903	M1115	ME_M1903	ME_M1115
52	3	0.0035	M1904	M1115	ME_M1904	ME_M1115
53	3	0.005	M191	M1115	ME_M191	ME_M1115
54	3	0.0055	M1918	M1115	ME_M1918	ME_M1115
55	3	0.0045	M192	M1115	ME_M192	ME_M1115
56	3	0.7145	M193	M1115	ME_M193	ME_M1115
57	3	0.0045	M1969	M1115	ME_M1969	ME_M1115
58	3	0.009	M2198	M1115	ME_M2198	ME_M1115
59	3	0.0055	M229	M1115	ME_M229	ME_M1115
60	3	0.0105	M34	M1115	ME_M34	ME_M1115
61	3	0.1305	M376	M1115	ME_M376	ME_M1115
62	3	0.004	M38	M1115	ME_M38	ME_M1115
63	3	0.037	M396	M1115	ME_M396	ME_M1115
64	3	0.037	M56	M1115	ME_M56	ME_M1115
65	3	0.0115	M59	M1115	ME_M59	ME_M1115
66	3	0.051	M635	M1115	ME_M635	ME_M1115
67	3	0.01	M637	M1115	ME_M637	ME_M1115
68	3	0.008	M644	M1115	ME_M644	ME_M1115
69	3	0.0125	M65	M1115	ME_M65	ME_M1115
70	3	0.0055	M660	M1115	ME_M660	ME_M1115
71	3	0.0055	M68	M1115	ME_M68	ME_M1115
72	3	0.005	M736	M1115	ME_M736	ME_M1115
73	3	0.0015	M737	M1115	ME_M737	ME_M1115
74	3	0.01	M742	M1115	ME_M742	ME_M1115
75	3	0.0045	M744	M1115	ME_M744	ME_M1115
76	3	0.0085	M883	M1115	ME_M883	ME_M1115
77	3	0.0115	M91	M1115	ME_M91	ME_M1115
78	3	0.0175	M92	M1115	ME_M92	ME_M1115
79	3	0.013	M93	M1115	ME_M93	ME_M1115
80	3	0.0205	M936	M1115	ME_M936	ME_M1115
1	4	0.008	M1024	M1158	ME_M1024	ME_M1158
2	4	0.0245	M1046	M1158	ME_M1046	ME_M1158
3	4	0.0065	M1115	M1158	ME_M1115	ME_M1158
5	4	0.103	M1196	M1158	ME_M1196	ME_M1158
6	4	0.0745	M1198	M1158	ME_M1198	ME_M1158
7	4	0.6555	M1206	M1158	ME_M1206	ME_M1158
8	4	0.0085	M1263	M1158	ME_M1263	ME_M1158
9	4	0.007	M1304	M1158	ME_M1304	ME_M1158
10	4	0.001	M1308	M1158	ME_M1308	ME_M1158
11	4	0.002	M1313	M1158	ME_M1313	ME_M1158
12	4	0.0005	M1314	M1158	ME_M1314	ME_M1158
13	4	0.0285	M1317	M1158	ME_M1317	ME_M1158
14	4	0.014	M1403	M1158	ME_M1403	ME_M1158
15	4	0.006	M1405	M1158	ME_M1405	ME_M1158
16	4	0.003	M144	M1158	ME_M144	ME_M1158
17	4	0.006	M1460	M1158	ME_M1460	ME_M1158
18	4	0.0195	M1464	M1158	ME_M1464	ME_M1158
19	4	0.0065	M1477	M1158	ME_M1477	ME_M1158
20	4	0.0075	M1505	M1158	ME_M1505	ME_M1158
21	4	0.008	M1506	M1158	ME_M1506	ME_M1158
22	4	0.011	M1508	M1158	ME_M1508	ME_M1158
23	4	0.0025	M1509	M1158	ME_M1509	ME_M1158
24	4	0.003	M1510	M1158	ME_M1510	ME_M1158
25	4	0.0005	M1537	M1158	ME_M1537	ME_M1158
26	4	0.004	M154	M1158	ME_M154	ME_M1158
27	4	0.001	M1543	M1158	ME_M1543	ME_M1158
28	4	0.0005	M1547	M1158	ME_M1547	ME_M1158
29	4	0.0035	M1548	M1158	ME_M1548	ME_M1158
30	4	0.0095	M1556	M1158	ME_M1556	ME_M1158
31	4	0.011	M1557	M1158	ME_M1557	ME_M1158
32	4	0.006	M1564	M1158	ME_M1564	ME_M1158
33	4	0.0005	M1572	M1158	ME_M1572	ME_M1158
34	4	0.006	M158	M1158	ME_M158	ME_M1158
35	4	0.029	M1582	M1158	ME_M1582	ME_M1158
36	4	0.005	M1592	M1158	ME_M1592	ME_M1158
37	4	0.013	M1599	M1158	ME_M1599	ME_M1158
38	4	0.421	M1640	M1158	ME_M1640	ME_M1158
39	4	0.0045	M1643	M1158	ME_M1643	ME_M1158
40	4	0.0155	M1644	M1158	ME_M1644	ME_M1158
41	4	0.0095	M1649	M1158	ME_M1649	ME_M1158
42	4	0.0065	M1650	M1158	ME_M1650	ME_M1158
43	4	0.1235	M1654	M1158	ME_M1654	ME_M1158
44	4	0.009	M1710	M1158	ME_M1710	ME_M1158
45	4	0.0545	M1823	M1158	ME_M1823	ME_M1158
46	4	0.067	M1849	M1158	ME_M1849	ME_M1158
47	4	0.0065	M1861	M1158	ME_M1861	ME_M1158
48	4	0.004	M187	M1158	ME_M187	ME_M1158
49	4	0.001	M188	M1158	ME_M188	ME_M1158
53	4	0.0025	M191	M1158	ME_M191	ME_M1158
54	4	0.688	M1918	M1158	ME_M1918	ME_M1158
55	4	0.001	M192	M1158	ME_M192	ME_M1158
56	4	0.0075	M193	M1158	ME_M193	ME_M1158
57	4	0.0015	M1969	M1158	ME_M1969	ME_M1158
58	4	0.124	M2198	M1158	ME_M2198	ME_M1158
59	4	0.0005	M229	M1158	ME_M229	ME_M1158
60	4	0.01	M34	M1158	ME_M34	ME_M1158
61	4	0.004	M376	M1158	ME_M376	ME_M1158
62	4	0.002	M38	M1158	ME_M38	ME_M1158
63	4	0.0025	M396	M1158	ME_M396	ME_M1158
64	4	0.012	M56	M1158	ME_M56	ME_M1158
65	4	0.023	M59	M1158	ME_M59	ME_M1158
66	4	0.0125	M635	M1158	ME_M635	ME_M1158
67	4	0.019	M637	M1158	ME_M637	ME_M1158
68	4	0.002	M644	M1158	ME_M644	ME_M1158
69	4	0.016	M65	M1158	ME_M65	ME_M1158
70	4	0.015	M660	M1158	ME_M660	ME_M1158
71	4	0.029	M68	M1158	ME_M68	ME_M1158
72	4	0.002	M736	M1158	ME_M736	ME_M1158
73	4	0.003	M737	M1158	ME_M737	ME_M1158
74	4	0.0105	M742	M1158	ME_M742	ME_M1158
75	4	0.002	M744	M1158	ME_M744	ME_M1158
76	4	0.0475	M883	M1158	ME_M883	ME_M1158
77	4	0.0015	M91	M1158	ME_M91	ME_M1158
78	4	0.0085	M92	M1158	ME_M92	ME_M1158
79	4	0.004	M93	M1158	ME_M93	ME_M1158
80	4	0.019	M936	M1158	ME_M936	ME_M1158
1	5	0.0165	M1024	M1196	ME_M1024	ME_M1196
2	5	0.568	M1046	M1196	ME_M1046	ME_M1196
3	5	0.019	M1115	M1196	ME_M1115	ME_M1196
4	5	0.1745	M1158	M1196	ME_M1158	ME_M1196
6	5	0.1185	M1198	M1196	ME_M1198	ME_M1196
7	5	0.2705	M1206	M1196	ME_M1206	ME_M1196
8	5	0.003	M1263	M1196	ME_M1263	ME_M1196
9	5	0.012	M1304	M1196	ME_M1304	ME_M1196
10	5	0.0005	M1308	M1196	ME_M1308	ME_M1196
11	5	0.001	M1313	M1196	ME_M1313	ME_M1196
12	5	0.001	M1314	M1196	ME_M1314	ME_M1196
13	5	0.0175	M1317	M1196	ME_M1317	ME_M1196
14	5	0.0015	M1403	M1196	ME_M1403	ME_M1196
15	5	0.016	M1405	M1196	ME_M1405	ME_M1196
16	5	0.009	M144	M1196	ME_M144	ME_M1196
17	5	0.006	M1460	M1196	ME_M1460	ME_M1196
18	5	0.003	M1464	M1196	ME_M1464	ME_M1196
19	5	0.218	M1477	M1196	ME_M1477	ME_M1196
20	5	0.007	M1505	M1196	ME_M1505	ME_M1196
21	5	0.0245	M1506	M1196	ME_M1506	ME_M1196
22	5	0.01	M1508	M1196	ME_M1508	ME_M1196
23	5	0.0045	M1509	M1196	ME_M1509	ME_M1196
24	5	0.004	M1510	M1196	ME_M1510	ME_M1196
25	5	0.002	M1537	M1196	ME_M1537	ME_M1196
26	5	0.004	M154	M1196	ME_M154	ME_M1196
27	5	0.0035	M1543	M1196	ME_M1543	ME_M1196
29	5	0.039	M1548	M1196	ME_M1548	ME_M1196
30	5	0.0245	M1556	M1196	ME_M1556	ME_M1196
31	5	0.0265	M1557	M1196	ME_M1557	ME_M1196
32	5	0.0105	M1564	M1196	ME_M1564	ME_M1196
33	5	0.0005	M1572	M1196	ME_M1572	ME_M1196
34	5	0.0065	M158	M1196	ME_M158	ME_M1196
35	5	0.049	M1582	M1196	ME_M1582	ME_M1196
36	5	0.001	M1592	M1196	ME_M1592	ME_M1196
37	5	0.015	M1599	M1196	ME_M1599	ME_M1196
38	5	0.002	M1640	M1196	ME_M1640	ME_M1196
39	5	0.0015	M1643	M1196	ME_M1643	ME_M1196
40	5	0.1725	M1644	M1196	ME_M1644	ME_M1196
41	5	0.022	M1649	M1196	ME_M1649	ME_M1196
42	5	0.003	M1650	M1196	ME_M1650	ME_M1196
43	5	0.082	M1654	M1196	ME_M1654	ME_M1196
44	5	0.0495	M1710	M1196	ME_M1710	ME_M1196
45	5	0.025	M1823	M1196	ME_M1823	ME_M1196
46	5	0.005	M1849	M1196	ME_M1849	ME_M1196
47	5	0.0035	M1861	M1196	ME_M1861	ME_M1196
48	5	0.027	M187	M1196	ME_M187	ME_M1196
49	5	0.0025	M188	M1196	ME_M188	ME_M1196
50	5	0.0005	M189	M1196	ME_M189	ME_M1196
51	5	0.001	M1903	M1196	ME_M1903	ME_M1196
52	5	0.001	M1904	M1196	ME_M1904	ME_M1196
53	5	0.0015	M191	M1196	ME_M191	ME_M1196
54	5	0.0565	M1918	M1196	ME_M1918	ME_M1196
56	5	0.012	M193	M1196	ME_M193	ME_M1196
57	5	0.001	M1969	M1196	ME_M1969	ME_M1196
58	5	0.0165	M2198	M1196	ME_M2198	ME_M1196
60	5	0.0105	M34	M1196	ME_M34	ME_M1196
61	5	0.024	M376	M1196	ME_M376	ME_M1196
62	5	0.005	M38	M1196	ME_M38	ME_M1196
63	5	0.01	M396	M1196	ME_M396	ME_M1196
64	5	0.0125	M56	M1196	ME_M56	ME_M1196
65	5	0.188	M59	M1196	ME_M59	ME_M1196
66	5	0.0145	M635	M1196	ME_M635	ME_M1196
67	5	0.035	M637	M1196	ME_M637	ME_M1196
68	5	0.0235	M644	M1196	ME_M644	ME_M1196
69	5	0.0035	M65	M1196	ME_M65	ME_M1196
70	5	0.0095	M660	M1196	ME_M660	ME_M1196
71	5	0.014	M68	M1196	ME_M68	ME_M1196
72	5	0.0055	M736	M1196	ME_M736	ME_M1196
73	5	0.012	M737	M1196	ME_M737	ME_M1196
74	5	0.005	M742	M1196	ME_M742	ME_M1196
75	5	0.0245	M744	M1196	ME_M744	ME_M1196
76	5	0.238	M883	M1196	ME_M883	ME_M1196
77	5	0.0045	M91	M1196	ME_M91	ME_M1196
78	5	0.0055	M92	M1196	ME_M92	ME_M1196
79	5	0.0025	M93	M1196	ME_M93	ME_M1196
80	5	0.0215	M936	M1196	ME_M936	ME_M1196
1	6	0.011	M1024	M1198	ME_M1024	ME_M1198
2	6	0.4985	M1046	M1198	ME_M1046	ME_M1198
3	6	0.012	M1115	M1198	ME_M1115	ME_M1198
4	6	0.04	M1158	M1198	ME_M1158	ME_M1198
5	6	0.3125	M1196	M1198	ME_M1196	ME_M1198
7	6	0.025	M1206	M1198	ME_M1206	ME_M1198
8	6	0.006	M1263	M1198	ME_M1263	ME_M1198
9	6	0.0145	M1304	M1198	ME_M1304	ME_M1198
10	6	0.0005	M1308	M1198	ME_M1308	ME_M1198
12	6	0.0005	M1314	M1198	ME_M1314	ME_M1198
13	6	0.0055	M1317	M1198	ME_M1317	ME_M1198
14	6	0.002	M1403	M1198	ME_M1403	ME_M1198
15	6	0.0045	M1405	M1198	ME_M1405	ME_M1198
16	6	0.003	M144	M1198	ME_M144	ME_M1198
17	6	0.002	M1460	M1198	ME_M1460	ME_M1198
18	6	0.0035	M1464	M1198	ME_M1464	ME_M1198
19	6	0.0275	M1477	M1198	ME_M1477	ME_M1198
20	6	0.0035	M1505	M1198	ME_M1505	ME_M1198
21	6	0.0035	M1506	M1198	ME_M1506	ME_M1198
22	6	0.003	M1508	M1198	ME_M1508	ME_M1198
23	6	0.001	M1509	M1198	ME_M1509	ME_M1198
24	6	0.0045	M1510	M1198	ME_M1510	ME_M1198
25	6	0.005	M1537	M1198	ME_M1537	ME_M1198
26	6	0.005	M154	M1198	ME_M154	ME_M1198
27	6	0.0015	M1543	M1198	ME_M1543	ME_M1198
28	6	0.002	M1547	M1198	ME_M1547	ME_M1198
29	6	0.0045	M1548	M1198	ME_M1548	ME_M1198
30	6	0.0325	M1556	M1198	ME_M1556	ME_M1198
31	6	0.0265	M1557	M1198	ME_M1557	ME_M1198
32	6	0.003	M1564	M1198	ME_M1564	ME_M1198
33	6	0.0005	M1572	M1198	ME_M1572	ME_M1198
34	6	0.01	M158	M1198	ME_M158	ME_M1198
35	6	0.262	M1582	M1198	ME_M1582	ME_M1198
36	6	0.001	M1592	M1198	ME_M1592	ME_M1198
37	6	0.0055	M1599	M1198	ME_M1599	ME_M1198
38	6	0.001	M1640	M1198	ME_M1640	ME_M1198
39	6	0.003	M1643	M1198	ME_M1643	ME_M1198
40	6	0.0525	M1644	M1198	ME_M1644	ME_M1198
41	6	0.0045	M1649	M1198	ME_M1649	ME_M1198
42	6	0.002	M1650	M1198	ME_M1650	ME_M1198
43	6	0.036	M1654	M1198	ME_M1654	ME_M1198
44	6	0.073	M1710	M1198	ME_M1710	ME_M1198
45	6	0.413	M1823	M1198	ME_M1823	ME_M1198
46	6	0.0145	M1849	M1198	ME_M1849	ME_M1198
47	6	0.004	M1861	M1198	ME_M1861	ME_M1198
48	6	0.0025	M187	M1198	ME_M187	ME_M1198
49	6	0.003	M188	M1198	ME_M188	ME_M1198
50	6	0.001	M189	M1198	ME_M189	ME_M1198
51	6	0.002	M1903	M1198	ME_M1903	ME_M1198
53	6	0.0005	M191	M1198	ME_M191	ME_M1198
54	6	0.0215	M1918	M1198	ME_M1918	ME_M1198
55	6	0.0005	M192	M1198	ME_M192	ME_M1198
56	6	0.007	M193	M1198	ME_M193	ME_M1198
57	6	0.0005	M1969	M1198	ME_M1969	ME_M1198
58	6	0.0035	M2198	M1198	ME_M2198	ME_M1198
59	6	0.002	M229	M1198	ME_M229	ME_M1198
60	6	0.007	M34	M1198	ME_M34	ME_M1198
61	6	0.0145	M376	M1198	ME_M376	ME_M1198
62	6	0.0035	M38	M1198	ME_M38	ME_M1198
63	6	0.013	M396	M1198	ME_M396	ME_M1198
64	6	0.0715	M56	M1198	ME_M56	ME_M1198
65	6	0.036	M59	M1198	ME_M59	ME_M1198
66	6	0.0155	M635	M1198	ME_M635	ME_M1198
67	6	0.019	M637	M1198	ME_M637	ME_M1198
68	6	0.05	M644	M1198	ME_M644	ME_M1198
69	6	0.018	M65	M1198	ME_M65	ME_M1198
70	6	0.0075	M660	M1198	ME_M660	ME_M1198
71	6	0.0195	M68	M1198	ME_M68	ME_M1198
73	6	0.002	M737	M1198	ME_M737	ME_M1198
75	6	0.0015	M744	M1198	ME_M744	ME_M1198
76	6	0.3475	M883	M1198	ME_M883	ME_M1198
77	6	0.0355	M91	M1198	ME_M91	ME_M1198
78	6	0.158	M92	M1198	ME_M92	ME_M1198
79	6	0.0445	M93	M1198	ME_M93	ME_M1198
80	6	0.01	M936	M1198	ME_M936	ME_M1198
1	7	0.009	M1024	M1206	ME_M1024	ME_M1206
2	7	0.1075	M1046	M1206	ME_M1046	ME_M1206
3	7	0.032	M1115	M1206	ME_M1115	ME_M1206
4	7	0.078	M1158	M1206	ME_M1158	ME_M1206
5	7	0.7015	M1196	M1206	ME_M1196	ME_M1206
6	7	0.022	M1198	M1206	ME_M1198	ME_M1206
8	7	0.0135	M1263	M1206	ME_M1263	ME_M1206
9	7	0.0175	M1304	M1206	ME_M1304	ME_M1206
10	7	0.0105	M1308	M1206	ME_M1308	ME_M1206
12	7	0.0005	M1314	M1206	ME_M1314	ME_M1206
13	7	0.008	M1317	M1206	ME_M1317	ME_M1206
14	7	0.015	M1403	M1206	ME_M1403	ME_M1206
15	7	0.029	M1405	M1206	ME_M1405	ME_M1206
16	7	0.002	M144	M1206	ME_M144	ME_M1206
17	7	0.0045	M1460	M1206	ME_M1460	ME_M1206
18	7	0.0125	M1464	M1206	ME_M1464	ME_M1206
19	7	0.015	M1477	M1206	ME_M1477	ME_M1206
20	7	0.0095	M1505	M1206	ME_M1505	ME_M1206
21	7	0.008	M1506	M1206	ME_M1506	ME_M1206
22	7	0.0075	M1508	M1206	ME_M1508	ME_M1206
23	7	0.005	M1509	M1206	ME_M1509	ME_M1206
24	7	0.002	M1510	M1206	ME_M1510	ME_M1206
25	7	0.2255	M1537	M1206	ME_M1537	ME_M1206
26	7	0.0055	M154	M1206	ME_M154	ME_M1206
27	7	0.005	M1543	M1206	ME_M1543	ME_M1206
29	7	0.0685	M1548	M1206	ME_M1548	ME_M1206
30	7	0.0355	M1556	M1206	ME_M1556	ME_M1206
31	7	0.0385	M1557	M1206	ME_M1557	ME_M1206
32	7	0.0095	M1564	M1206	ME_M1564	ME_M1206
33	7	0.002	M1572	M1206	ME_M1572	ME_M1206
34	7	0.0035	M158	M1206	ME_M158	ME_M1206
35	7	0.084	M1582	M1206	ME_M1582	ME_M1206
36	7	0.002	M1592	M1206	ME_M1592	ME_M1206
37	7	0.602	M1599	M1206	ME_M1599	ME_M1206
38	7	0.0095	M1640	M1206	ME_M1640	ME_M1206
39	7	0.0005	M1643	M1206	ME_M1643	ME_M1206
40	7	0.1355	M1644	M1206	ME_M1644	ME_M1206
41	7	0.017	M1649	M1206	ME_M1649	ME_M1206
42	7	0.016	M1650	M1206	ME_M1650	ME_M1206
43	7	0.0205	M1654	M1206	ME_M1654	ME_M1206
44	7	0.0175	M1710	M1206	ME_M1710	ME_M1206
45	7	0.0065	M1823	M1206	ME_M1823	ME_M1206
46	7	0.006	M1849	M1206	ME_M1849	ME_M1206
47	7	0.007	M1861	M1206	ME_M1861	ME_M1206
48	7	0.0145	M187	M1206	ME_M187	ME_M1206
49	7	0.004	M188	M1206	ME_M188	ME_M1206
50	7	0.002	M189	M1206	ME_M189	ME_M1206
51	7	0.002	M1903	M1206	ME_M1903	ME_M1206
52	7	0.0005	M1904	M1206	ME_M1904	ME_M1206
53	7	0.008	M191	M1206	ME_M191	ME_M1206
54	7	0.02	M1918	M1206	ME_M1918	ME_M1206
55	7	0.002	M192	M1206	ME_M192	ME_M1206
56	7	0.014	M193	M1206	ME_M193	ME_M1206
57	7	0.001	M1969	M1206	ME_M1969	ME_M1206
58	7	0.0135	M2198	M1206	ME_M2198	ME_M1206
59	7	0.001	M229	M1206	ME_M229	ME_M1206
60	7	0.0075	M34	M1206	ME_M34	ME_M1206
61	7	0.016	M376	M1206	ME_M376	ME_M1206
62	7	0.003	M38	M1206	ME_M38	ME_M1206
63	7	0.005	M396	M1206	ME_M396	ME_M1206
64	7	0.009	M56	M1206	ME_M56	ME_M1206
65	7	0.0315	M59	M1206	ME_M59	ME_M1206
66	7	0.0075	M635	M1206	ME_M635	ME_M1206
67	7	0.0585	M637	M1206	ME_M637	ME_M1206
68	7	0.0045	M644	M1206	ME_M644	ME_M1206
69	7	0.009	M65	M1206	ME_M65	ME_M1206
70	7	0.011	M660	M1206	ME_M660	ME_M1206
71	7	0.027	M68	M1206	ME_M68	ME_M1206
72	7	0.002	M736	M1206	ME_M736	ME_M1206
73	7	0.0065	M737	M1206	ME_M737	ME_M1206
74	7	0.003	M742	M1206	ME_M742	ME_M1206
75	7	0.002	M744	M1206	ME_M744	ME_M1206
76	7	0.134	M883	M1206	ME_M883	ME_M1206
77	7	0.003	M91	M1206	ME_M91	ME_M1206
78	7	0.008	M92	M1206	ME_M92	ME_M1206
79	7	0.009	M93	M1206	ME_M93	ME_M1206
80	7	0.008	M936	M1206	ME_M936	ME_M1206
1	8	0.0015	M1024	M1263	ME_M1024	ME_M1263
2	8	0.014	M1046	M1263	ME_M1046	ME_M1263
3	8	0.0065	M1115	M1263	ME_M1115	ME_M1263
4	8	0.045	M1158	M1263	ME_M1158	ME_M1263
5	8	0.008	M1196	M1263	ME_M1196	ME_M1263
6	8	0.006	M1198	M1263	ME_M1198	ME_M1263
7	8	0.013	M1206	M1263	ME_M1206	ME_M1263
9	8	0.7985	M1304	M1263	ME_M1304	ME_M1263
10	8	0.001	M1308	M1263	ME_M1308	ME_M1263
11	8	0.0025	M1313	M1263	ME_M1313	ME_M1263
12	8	0.008	M1314	M1263	ME_M1314	ME_M1263
13	8	0.006	M1317	M1263	ME_M1317	ME_M1263
14	8	0.0095	M1403	M1263	ME_M1403	ME_M1263
15	8	0.006	M1405	M1263	ME_M1405	ME_M1263
16	8	0.0095	M144	M1263	ME_M144	ME_M1263
17	8	0.0015	M1460	M1263	ME_M1460	ME_M1263
18	8	0.0395	M1464	M1263	ME_M1464	ME_M1263
19	8	0.0055	M1477	M1263	ME_M1477	ME_M1263
20	8	0.0025	M1505	M1263	ME_M1505	ME_M1263
21	8	0.0015	M1506	M1263	ME_M1506	ME_M1263
22	8	0.0025	M1508	M1263	ME_M1508	ME_M1263
23	8	0.0035	M1509	M1263	ME_M1509	ME_M1263
24	8	0.018	M1510	M1263	ME_M1510	ME_M1263
25	8	0.003	M1537	M1263	ME_M1537	ME_M1263
26	8	0.0035	M154	M1263	ME_M154	ME_M1263
28	8	0.0015	M1547	M1263	ME_M1547	ME_M1263
29	8	0.0015	M1548	M1263	ME_M1548	ME_M1263
30	8	0.117	M1556	M1263	ME_M1556	ME_M1263
31	8	0.0205	M1557	M1263	ME_M1557	ME_M1263
32	8	0.0045	M1564	M1263	ME_M1564	ME_M1263
33	8	0.0015	M1572	M1263	ME_M1572	ME_M1263
34	8	0.0055	M158	M1263	ME_M158	ME_M1263
36	8	0.002	M1592	M1263	ME_M1592	ME_M1263
37	8	0.002	M1599	M1263	ME_M1599	ME_M1263
38	8	0.004	M1640	M1263	ME_M1640	ME_M1263
39	8	0.0005	M1643	M1263	ME_M1643	ME_M1263
40	8	0.006	M1644	M1263	ME_M1644	ME_M1263
41	8	0.002	M1649	M1263	ME_M1649	ME_M1263
42	8	0.002	M1650	M1263	ME_M1650	ME_M1263
43	8	0.1315	M1654	M1263	ME_M1654	ME_M1263
44	8	0.002	M1710	M1263	ME_M1710	ME_M1263
45	8	0.0075	M1823	M1263	ME_M1823	ME_M1263
46	8	0.011	M1849	M1263	ME_M1849	ME_M1263
47	8	0.0065	M1861	M1263	ME_M1861	ME_M1263
48	8	0.003	M187	M1263	ME_M187	ME_M1263
49	8	0.0065	M188	M1263	ME_M188	ME_M1263
50	8	0.6035	M189	M1263	ME_M189	ME_M1263
51	8	0.0005	M1903	M1263	ME_M1903	ME_M1263
52	8	0.001	M1904	M1263	ME_M1904	ME_M1263
53	8	0.0015	M191	M1263	ME_M191	ME_M1263
54	8	0.0065	M1918	M1263	ME_M1918	ME_M1263
55	8	0.0595	M192	M1263	ME_M192	ME_M1263
56	8	0.011	M193	M1263	ME_M193	ME_M1263
57	8	0.011	M1969	M1263	ME_M1969	ME_M1263
58	8	0.509	M2198	M1263	ME_M2198	ME_M1263
59	8	0.001	M229	M1263	ME_M229	ME_M1263
60	8	0.0065	M34	M1263	ME_M34	ME_M1263
61	8	0.004	M376	M1263	ME_M376	ME_M1263
62	8	0.013	M38	M1263	ME_M38	ME_M1263
63	8	0.003	M396	M1263	ME_M396	ME_M1263
64	8	0.0985	M56	M1263	ME_M56	ME_M1263
65	8	0.017	M59	M1263	ME_M59	ME_M1263
66	8	0.0065	M635	M1263	ME_M635	ME_M1263
67	8	0.0115	M637	M1263	ME_M637	ME_M1263
68	8	0.0005	M644	M1263	ME_M644	ME_M1263
69	8	0.0405	M65	M1263	ME_M65	ME_M1263
70	8	0.0075	M660	M1263	ME_M660	ME_M1263
71	8	0.019	M68	M1263	ME_M68	ME_M1263
72	8	0.002	M736	M1263	ME_M736	ME_M1263
73	8	0.0045	M737	M1263	ME_M737	ME_M1263
74	8	0.001	M742	M1263	ME_M742	ME_M1263
75	8	0.003	M744	M1263	ME_M744	ME_M1263
76	8	0.006	M883	M1263	ME_M883	ME_M1263
77	8	0.0515	M91	M1263	ME_M91	ME_M1263
78	8	0.043	M92	M1263	ME_M92	ME_M1263
79	8	0.013	M93	M1263	ME_M93	ME_M1263
80	8	0.0035	M936	M1263	ME_M936	ME_M1263
1	9	0.002	M1024	M1304	ME_M1024	ME_M1304
2	9	0.013	M1046	M1304	ME_M1046	ME_M1304
3	9	0.0015	M1115	M1304	ME_M1115	ME_M1304
4	9	0.0015	M1158	M1304	ME_M1158	ME_M1304
5	9	0.015	M1196	M1304	ME_M1196	ME_M1304
6	9	0.0115	M1198	M1304	ME_M1198	ME_M1304
7	9	0.0065	M1206	M1304	ME_M1206	ME_M1304
8	9	0.132	M1263	M1304	ME_M1263	ME_M1304
10	9	0.004	M1308	M1304	ME_M1308	ME_M1304
11	9	0.0015	M1313	M1304	ME_M1313	ME_M1304
12	9	0.0415	M1314	M1304	ME_M1314	ME_M1304
13	9	0.0305	M1317	M1304	ME_M1317	ME_M1304
14	9	0.225	M1403	M1304	ME_M1403	ME_M1304
15	9	0.063	M1405	M1304	ME_M1405	ME_M1304
16	9	0.0115	M144	M1304	ME_M144	ME_M1304
17	9	0.007	M1460	M1304	ME_M1460	ME_M1304
18	9	0.025	M1464	M1304	ME_M1464	ME_M1304
19	9	0.0085	M1477	M1304	ME_M1477	ME_M1304
20	9	0.0255	M1505	M1304	ME_M1505	ME_M1304
21	9	0.0355	M1506	M1304	ME_M1506	ME_M1304
22	9	0.008	M1508	M1304	ME_M1508	ME_M1304
23	9	0.0165	M1509	M1304	ME_M1509	ME_M1304
24	9	0.145	M1510	M1304	ME_M1510	ME_M1304
25	9	0.002	M1537	M1304	ME_M1537	ME_M1304
26	9	0.0045	M154	M1304	ME_M154	ME_M1304
27	9	0.0015	M1543	M1304	ME_M1543	ME_M1304
29	9	0.0065	M1548	M1304	ME_M1548	ME_M1304
30	9	0.025	M1556	M1304	ME_M1556	ME_M1304
31	9	0.028	M1557	M1304	ME_M1557	ME_M1304
32	9	0.005	M1564	M1304	ME_M1564	ME_M1304
34	9	0.012	M158	M1304	ME_M158	ME_M1304
35	9	0.003	M1582	M1304	ME_M1582	ME_M1304
36	9	0.002	M1592	M1304	ME_M1592	ME_M1304
37	9	0.0015	M1599	M1304	ME_M1599	ME_M1304
38	9	0.0055	M1640	M1304	ME_M1640	ME_M1304
40	9	0.026	M1644	M1304	ME_M1644	ME_M1304
41	9	0.002	M1649	M1304	ME_M1649	ME_M1304
42	9	0.0025	M1650	M1304	ME_M1650	ME_M1304
43	9	0.048	M1654	M1304	ME_M1654	ME_M1304
44	9	0.013	M1710	M1304	ME_M1710	ME_M1304
45	9	0.01	M1823	M1304	ME_M1823	ME_M1304
46	9	0.2465	M1849	M1304	ME_M1849	ME_M1304
47	9	0.0075	M1861	M1304	ME_M1861	ME_M1304
48	9	0.0005	M187	M1304	ME_M187	ME_M1304
50	9	0.0025	M189	M1304	ME_M189	ME_M1304
51	9	0.0015	M1903	M1304	ME_M1903	ME_M1304
52	9	0.0005	M1904	M1304	ME_M1904	ME_M1304
53	9	0.0015	M191	M1304	ME_M191	ME_M1304
54	9	0.008	M1918	M1304	ME_M1918	ME_M1304
55	9	0.026	M192	M1304	ME_M192	ME_M1304
56	9	0.002	M193	M1304	ME_M193	ME_M1304
57	9	0.0005	M1969	M1304	ME_M1969	ME_M1304
58	9	0.0615	M2198	M1304	ME_M2198	ME_M1304
59	9	0.002	M229	M1304	ME_M229	ME_M1304
60	9	0.008	M34	M1304	ME_M34	ME_M1304
61	9	0.0065	M376	M1304	ME_M376	ME_M1304
62	9	0.0035	M38	M1304	ME_M38	ME_M1304
63	9	0.0035	M396	M1304	ME_M396	ME_M1304
64	9	0.156	M56	M1304	ME_M56	ME_M1304
65	9	0.0045	M59	M1304	ME_M59	ME_M1304
66	9	0.0105	M635	M1304	ME_M635	ME_M1304
67	9	0.4165	M637	M1304	ME_M637	ME_M1304
68	9	0.0005	M644	M1304	ME_M644	ME_M1304
69	9	0.046	M65	M1304	ME_M65	ME_M1304
70	9	0.017	M660	M1304	ME_M660	ME_M1304
71	9	0.0545	M68	M1304	ME_M68	ME_M1304
72	9	0.001	M736	M1304	ME_M736	ME_M1304
73	9	0.0075	M737	M1304	ME_M737	ME_M1304
74	9	0.001	M742	M1304	ME_M742	ME_M1304
75	9	0.0005	M744	M1304	ME_M744	ME_M1304
76	9	0.0575	M883	M1304	ME_M883	ME_M1304
77	9	0.453	M91	M1304	ME_M91	ME_M1304
78	9	0.027	M92	M1304	ME_M92	ME_M1304
79	9	0.196	M93	M1304	ME_M93	ME_M1304
80	9	0.001	M936	M1304	ME_M936	ME_M1304
1	10	0.012	M1024	M1308	ME_M1024	ME_M1308
2	10	0.2725	M1046	M1308	ME_M1046	ME_M1308
3	10	0.1805	M1115	M1308	ME_M1115	ME_M1308
4	10	0.022	M1158	M1308	ME_M1158	ME_M1308
5	10	0.016	M1196	M1308	ME_M1196	ME_M1308
6	10	0.05	M1198	M1308	ME_M1198	ME_M1308
7	10	0.2745	M1206	M1308	ME_M1206	ME_M1308
8	10	0.063	M1263	M1308	ME_M1263	ME_M1308
9	10	0.0985	M1304	M1308	ME_M1304	ME_M1308
11	10	0.0035	M1313	M1308	ME_M1313	ME_M1308
12	10	0.0185	M1314	M1308	ME_M1314	ME_M1308
13	10	0.0045	M1317	M1308	ME_M1317	ME_M1308
14	10	0.005	M1403	M1308	ME_M1403	ME_M1308
15	10	0.0175	M1405	M1308	ME_M1405	ME_M1308
16	10	0.013	M144	M1308	ME_M144	ME_M1308
17	10	0.0085	M1460	M1308	ME_M1460	ME_M1308
18	10	0.0145	M1464	M1308	ME_M1464	ME_M1308
19	10	0.0085	M1477	M1308	ME_M1477	ME_M1308
20	10	0.0705	M1505	M1308	ME_M1505	ME_M1308
21	10	0.007	M1506	M1308	ME_M1506	ME_M1308
22	10	0.0085	M1508	M1308	ME_M1508	ME_M1308
23	10	0.0215	M1509	M1308	ME_M1509	ME_M1308
24	10	0.03	M1510	M1308	ME_M1510	ME_M1308
25	10	0.0105	M1537	M1308	ME_M1537	ME_M1308
26	10	0.002	M154	M1308	ME_M154	ME_M1308
27	10	0.009	M1543	M1308	ME_M1543	ME_M1308
28	10	0.0045	M1547	M1308	ME_M1547	ME_M1308
29	10	0.008	M1548	M1308	ME_M1548	ME_M1308
30	10	0.3295	M1556	M1308	ME_M1556	ME_M1308
31	10	0.06	M1557	M1308	ME_M1557	ME_M1308
32	10	0.047	M1564	M1308	ME_M1564	ME_M1308
33	10	0.0055	M1572	M1308	ME_M1572	ME_M1308
34	10	0.0105	M158	M1308	ME_M158	ME_M1308
35	10	0.086	M1582	M1308	ME_M1582	ME_M1308
36	10	0.0255	M1592	M1308	ME_M1592	ME_M1308
37	10	0.007	M1599	M1308	ME_M1599	ME_M1308
38	10	0.1165	M1640	M1308	ME_M1640	ME_M1308
39	10	0.0085	M1643	M1308	ME_M1643	ME_M1308
40	10	0.0505	M1644	M1308	ME_M1644	ME_M1308
41	10	0.0205	M1649	M1308	ME_M1649	ME_M1308
42	10	0.0695	M1650	M1308	ME_M1650	ME_M1308
43	10	0.01	M1654	M1308	ME_M1654	ME_M1308
44	10	0.0165	M1710	M1308	ME_M1710	ME_M1308
45	10	0.009	M1823	M1308	ME_M1823	ME_M1308
46	10	0.0085	M1849	M1308	ME_M1849	ME_M1308
47	10	0.008	M1861	M1308	ME_M1861	ME_M1308
48	10	0.008	M187	M1308	ME_M187	ME_M1308
49	10	0.0135	M188	M1308	ME_M188	ME_M1308
50	10	0.0095	M189	M1308	ME_M189	ME_M1308
51	10	0.013	M1903	M1308	ME_M1903	ME_M1308
52	10	0.0075	M1904	M1308	ME_M1904	ME_M1308
53	10	0.0415	M191	M1308	ME_M191	ME_M1308
54	10	0.02	M1918	M1308	ME_M1918	ME_M1308
55	10	0.021	M192	M1308	ME_M192	ME_M1308
56	10	0.005	M193	M1308	ME_M193	ME_M1308
57	10	0.055	M1969	M1308	ME_M1969	ME_M1308
58	10	0.02	M2198	M1308	ME_M2198	ME_M1308
59	10	0.0125	M229	M1308	ME_M229	ME_M1308
60	10	0.016	M34	M1308	ME_M34	ME_M1308
61	10	0.009	M376	M1308	ME_M376	ME_M1308
62	10	0.0235	M38	M1308	ME_M38	ME_M1308
63	10	0.0035	M396	M1308	ME_M396	ME_M1308
64	10	0.03	M56	M1308	ME_M56	ME_M1308
65	10	0.024	M59	M1308	ME_M59	ME_M1308
66	10	0.0145	M635	M1308	ME_M635	ME_M1308
67	10	0.009	M637	M1308	ME_M637	ME_M1308
68	10	0.038	M644	M1308	ME_M644	ME_M1308
69	10	0.0185	M65	M1308	ME_M65	ME_M1308
70	10	0.0045	M660	M1308	ME_M660	ME_M1308
71	10	0.026	M68	M1308	ME_M68	ME_M1308
72	10	0.007	M736	M1308	ME_M736	ME_M1308
73	10	0.011	M737	M1308	ME_M737	ME_M1308
74	10	0.0075	M742	M1308	ME_M742	ME_M1308
75	10	0.007	M744	M1308	ME_M744	ME_M1308
76	10	0.037	M883	M1308	ME_M883	ME_M1308
77	10	0.16	M91	M1308	ME_M91	ME_M1308
78	10	0.0545	M92	M1308	ME_M92	ME_M1308
79	10	0.0235	M93	M1308	ME_M93	ME_M1308
80	10	0.024	M936	M1308	ME_M936	ME_M1308
1	11	0.008	M1024	M1313	ME_M1024	ME_M1313
2	11	0.0075	M1046	M1313	ME_M1046	ME_M1313
3	11	0.0275	M1115	M1313	ME_M1115	ME_M1313
4	11	0.025	M1158	M1313	ME_M1158	ME_M1313
5	11	0.0075	M1196	M1313	ME_M1196	ME_M1313
6	11	0.014	M1198	M1313	ME_M1198	ME_M1313
7	11	0.007	M1206	M1313	ME_M1206	ME_M1313
8	11	0.0565	M1263	M1313	ME_M1263	ME_M1313
9	11	0.1465	M1304	M1313	ME_M1304	ME_M1313
10	11	0.003	M1308	M1313	ME_M1308	ME_M1313
12	11	0.033	M1314	M1313	ME_M1314	ME_M1313
13	11	0.046	M1317	M1313	ME_M1317	ME_M1313
14	11	0.0145	M1403	M1313	ME_M1403	ME_M1313
15	11	0.031	M1405	M1313	ME_M1405	ME_M1313
16	11	0.1025	M144	M1313	ME_M144	ME_M1313
17	11	0.066	M1460	M1313	ME_M1460	ME_M1313
18	11	0.377	M1464	M1313	ME_M1464	ME_M1313
19	11	0.035	M1477	M1313	ME_M1477	ME_M1313
20	11	0.039	M1505	M1313	ME_M1505	ME_M1313
21	11	0.014	M1506	M1313	ME_M1506	ME_M1313
22	11	0.025	M1508	M1313	ME_M1508	ME_M1313
23	11	0.035	M1509	M1313	ME_M1509	ME_M1313
24	11	0.0175	M1510	M1313	ME_M1510	ME_M1313
25	11	0.0595	M1537	M1313	ME_M1537	ME_M1313
26	11	0.0475	M154	M1313	ME_M154	ME_M1313
27	11	0.0065	M1543	M1313	ME_M1543	ME_M1313
28	11	0.0105	M1547	M1313	ME_M1547	ME_M1313
29	11	0.0105	M1548	M1313	ME_M1548	ME_M1313
30	11	0.0205	M1556	M1313	ME_M1556	ME_M1313
31	11	0.012	M1557	M1313	ME_M1557	ME_M1313
32	11	0.1175	M1564	M1313	ME_M1564	ME_M1313
33	11	0.005	M1572	M1313	ME_M1572	ME_M1313
34	11	0.037	M158	M1313	ME_M158	ME_M1313
35	11	0.028	M1582	M1313	ME_M1582	ME_M1313
36	11	0.0085	M1592	M1313	ME_M1592	ME_M1313
37	11	0.0365	M1599	M1313	ME_M1599	ME_M1313
38	11	0.0095	M1640	M1313	ME_M1640	ME_M1313
39	11	0.005	M1643	M1313	ME_M1643	ME_M1313
40	11	0.0205	M1644	M1313	ME_M1644	ME_M1313
41	11	0.0095	M1649	M1313	ME_M1649	ME_M1313
42	11	0.029	M1650	M1313	ME_M1650	ME_M1313
43	11	0.009	M1654	M1313	ME_M1654	ME_M1313
44	11	0.014	M1710	M1313	ME_M1710	ME_M1313
45	11	0.0245	M1823	M1313	ME_M1823	ME_M1313
46	11	0.0075	M1849	M1313	ME_M1849	ME_M1313
47	11	0.0075	M1861	M1313	ME_M1861	ME_M1313
48	11	0.01	M187	M1313	ME_M187	ME_M1313
49	11	0.013	M188	M1313	ME_M188	ME_M1313
50	11	0.0125	M189	M1313	ME_M189	ME_M1313
51	11	0.0045	M1903	M1313	ME_M1903	ME_M1313
52	11	0.008	M1904	M1313	ME_M1904	ME_M1313
53	11	0.0205	M191	M1313	ME_M191	ME_M1313
54	11	0.0105	M1918	M1313	ME_M1918	ME_M1313
55	11	0.019	M192	M1313	ME_M192	ME_M1313
56	11	0.0355	M193	M1313	ME_M193	ME_M1313
57	11	0.0055	M1969	M1313	ME_M1969	ME_M1313
58	11	0.014	M2198	M1313	ME_M2198	ME_M1313
59	11	0.021	M229	M1313	ME_M229	ME_M1313
60	11	0.018	M34	M1313	ME_M34	ME_M1313
61	11	0.635	M376	M1313	ME_M376	ME_M1313
62	11	0.0095	M38	M1313	ME_M38	ME_M1313
63	11	0.0145	M396	M1313	ME_M396	ME_M1313
64	11	0.041	M56	M1313	ME_M56	ME_M1313
65	11	0.0045	M59	M1313	ME_M59	ME_M1313
66	11	0.0145	M635	M1313	ME_M635	ME_M1313
67	11	0.0475	M637	M1313	ME_M637	ME_M1313
68	11	0.0235	M644	M1313	ME_M644	ME_M1313
69	11	0.017	M65	M1313	ME_M65	ME_M1313
70	11	0.004	M660	M1313	ME_M660	ME_M1313
71	11	0.0075	M68	M1313	ME_M68	ME_M1313
72	11	0.0065	M736	M1313	ME_M736	ME_M1313
73	11	0.005	M737	M1313	ME_M737	ME_M1313
74	11	0.0905	M742	M1313	ME_M742	ME_M1313
75	11	0.0075	M744	M1313	ME_M744	ME_M1313
76	11	0.0255	M883	M1313	ME_M883	ME_M1313
77	11	0.0335	M91	M1313	ME_M91	ME_M1313
78	11	0.022	M92	M1313	ME_M92	ME_M1313
79	11	0.0315	M93	M1313	ME_M93	ME_M1313
80	11	0.006	M936	M1313	ME_M936	ME_M1313
1	12	0.0065	M1024	M1314	ME_M1024	ME_M1314
2	12	0.037	M1046	M1314	ME_M1046	ME_M1314
3	12	0.012	M1115	M1314	ME_M1115	ME_M1314
4	12	0.009	M1158	M1314	ME_M1158	ME_M1314
5	12	0.0385	M1196	M1314	ME_M1196	ME_M1314
6	12	0.016	M1198	M1314	ME_M1198	ME_M1314
7	12	0.0695	M1206	M1314	ME_M1206	ME_M1314
8	12	0.0435	M1263	M1314	ME_M1263	ME_M1314
9	12	0.6825	M1304	M1314	ME_M1304	ME_M1314
10	12	0.005	M1308	M1314	ME_M1308	ME_M1314
11	12	0.006	M1313	M1314	ME_M1313	ME_M1314
13	12	0.184	M1317	M1314	ME_M1317	ME_M1314
14	12	0.0105	M1403	M1314	ME_M1403	ME_M1314
15	12	0.0315	M1405	M1314	ME_M1405	ME_M1314
16	12	0.037	M144	M1314	ME_M144	ME_M1314
17	12	0.0105	M1460	M1314	ME_M1460	ME_M1314
18	12	0.0265	M1464	M1314	ME_M1464	ME_M1314
19	12	0.02	M1477	M1314	ME_M1477	ME_M1314
20	12	0.0205	M1505	M1314	ME_M1505	ME_M1314
21	12	0.015	M1506	M1314	ME_M1506	ME_M1314
22	12	0.016	M1508	M1314	ME_M1508	ME_M1314
23	12	0.047	M1509	M1314	ME_M1509	ME_M1314
24	12	0.0575	M1510	M1314	ME_M1510	ME_M1314
25	12	0.008	M1537	M1314	ME_M1537	ME_M1314
26	12	0.0225	M154	M1314	ME_M154	ME_M1314
27	12	0.007	M1543	M1314	ME_M1543	ME_M1314
28	12	0.008	M1547	M1314	ME_M1547	ME_M1314
29	12	0.0135	M1548	M1314	ME_M1548	ME_M1314
30	12	0.009	M1556	M1314	ME_M1556	ME_M1314
31	12	0.033	M1557	M1314	ME_M1557	ME_M1314
32	12	0.007	M1564	M1314	ME_M1564	ME_M1314
33	12	0.007	M1572	M1314	ME_M1572	ME_M1314
34	12	0.0365	M158	M1314	ME_M158	ME_M1314
35	12	0.0035	M1582	M1314	ME_M1582	ME_M1314
36	12	0.0595	M1592	M1314	ME_M1592	ME_M1314
37	12	0.0025	M1599	M1314	ME_M1599	ME_M1314
38	12	0.06	M1640	M1314	ME_M1640	ME_M1314
39	12	0.026	M1643	M1314	ME_M1643	ME_M1314
40	12	0.0155	M1644	M1314	ME_M1644	ME_M1314
41	12	0.0055	M1649	M1314	ME_M1649	ME_M1314
42	12	0.004	M1650	M1314	ME_M1650	ME_M1314
43	12	0.016	M1654	M1314	ME_M1654	ME_M1314
44	12	0.0125	M1710	M1314	ME_M1710	ME_M1314
45	12	0.013	M1823	M1314	ME_M1823	ME_M1314
46	12	0.008	M1849	M1314	ME_M1849	ME_M1314
47	12	0.0085	M1861	M1314	ME_M1861	ME_M1314
48	12	0.005	M187	M1314	ME_M187	ME_M1314
49	12	0.008	M188	M1314	ME_M188	ME_M1314
50	12	0.014	M189	M1314	ME_M189	ME_M1314
51	12	0.0055	M1903	M1314	ME_M1903	ME_M1314
52	12	0.003	M1904	M1314	ME_M1904	ME_M1314
53	12	0.02	M191	M1314	ME_M191	ME_M1314
54	12	0.0045	M1918	M1314	ME_M1918	ME_M1314
55	12	0.036	M192	M1314	ME_M192	ME_M1314
56	12	0.0115	M193	M1314	ME_M193	ME_M1314
57	12	0.0605	M1969	M1314	ME_M1969	ME_M1314
58	12	0.007	M2198	M1314	ME_M2198	ME_M1314
59	12	0.0175	M229	M1314	ME_M229	ME_M1314
60	12	0.0245	M34	M1314	ME_M34	ME_M1314
61	12	0.0095	M376	M1314	ME_M376	ME_M1314
62	12	0.01	M38	M1314	ME_M38	ME_M1314
63	12	0.0175	M396	M1314	ME_M396	ME_M1314
64	12	0.4655	M56	M1314	ME_M56	ME_M1314
65	12	0.0755	M59	M1314	ME_M59	ME_M1314
66	12	0.0255	M635	M1314	ME_M635	ME_M1314
67	12	0.0205	M637	M1314	ME_M637	ME_M1314
68	12	0.008	M644	M1314	ME_M644	ME_M1314
69	12	0.045	M65	M1314	ME_M65	ME_M1314
70	12	0.0105	M660	M1314	ME_M660	ME_M1314
71	12	0.0215	M68	M1314	ME_M68	ME_M1314
72	12	0.0125	M736	M1314	ME_M736	ME_M1314
73	12	0.0315	M737	M1314	ME_M737	ME_M1314
74	12	0.011	M742	M1314	ME_M742	ME_M1314
75	12	0.0115	M744	M1314	ME_M744	ME_M1314
76	12	0.012	M883	M1314	ME_M883	ME_M1314
77	12	0.0625	M91	M1314	ME_M91	ME_M1314
78	12	0.018	M92	M1314	ME_M92	ME_M1314
79	12	0.0245	M93	M1314	ME_M93	ME_M1314
80	12	0.013	M936	M1314	ME_M936	ME_M1314
1	13	0.0075	M1024	M1317	ME_M1024	ME_M1317
2	13	0.0205	M1046	M1317	ME_M1046	ME_M1317
3	13	0.0035	M1115	M1317	ME_M1115	ME_M1317
4	13	0.008	M1158	M1317	ME_M1158	ME_M1317
5	13	0.0155	M1196	M1317	ME_M1196	ME_M1317
6	13	0.008	M1198	M1317	ME_M1198	ME_M1317
7	13	0.0035	M1206	M1317	ME_M1206	ME_M1317
8	13	0.003	M1263	M1317	ME_M1263	ME_M1317
9	13	0.0255	M1304	M1317	ME_M1304	ME_M1317
10	13	0.0005	M1308	M1317	ME_M1308	ME_M1317
11	13	0.0015	M1313	M1317	ME_M1313	ME_M1317
12	13	0.0085	M1314	M1317	ME_M1314	ME_M1317
14	13	0.0085	M1403	M1317	ME_M1403	ME_M1317
15	13	0.017	M1405	M1317	ME_M1405	ME_M1317
16	13	0.471	M144	M1317	ME_M144	ME_M1317
17	13	0.021	M1460	M1317	ME_M1460	ME_M1317
18	13	0.0025	M1464	M1317	ME_M1464	ME_M1317
19	13	0.011	M1477	M1317	ME_M1477	ME_M1317
20	13	0.0115	M1505	M1317	ME_M1505	ME_M1317
21	13	0.009	M1506	M1317	ME_M1506	ME_M1317
22	13	0.0115	M1508	M1317	ME_M1508	ME_M1317
23	13	0.192	M1509	M1317	ME_M1509	ME_M1317
24	13	0.0085	M1510	M1317	ME_M1510	ME_M1317
25	13	0.0005	M1537	M1317	ME_M1537	ME_M1317
26	13	0.094	M154	M1317	ME_M154	ME_M1317
27	13	0.0115	M1543	M1317	ME_M1543	ME_M1317
29	13	0.0035	M1548	M1317	ME_M1548	ME_M1317
30	13	0.014	M1556	M1317	ME_M1556	ME_M1317
31	13	0.012	M1557	M1317	ME_M1557	ME_M1317
32	13	0.0055	M1564	M1317	ME_M1564	ME_M1317
33	13	0.0005	M1572	M1317	ME_M1572	ME_M1317
34	13	0.015	M158	M1317	ME_M158	ME_M1317
35	13	0.0005	M1582	M1317	ME_M1582	ME_M1317
37	13	0.001	M1599	M1317	ME_M1599	ME_M1317
38	13	0.005	M1640	M1317	ME_M1640	ME_M1317
39	13	0.009	M1643	M1317	ME_M1643	ME_M1317
40	13	0.009	M1644	M1317	ME_M1644	ME_M1317
41	13	0.0045	M1649	M1317	ME_M1649	ME_M1317
42	13	0.001	M1650	M1317	ME_M1650	ME_M1317
43	13	0.007	M1654	M1317	ME_M1654	ME_M1317
44	13	0.002	M1710	M1317	ME_M1710	ME_M1317
45	13	0.0125	M1823	M1317	ME_M1823	ME_M1317
46	13	0.013	M1849	M1317	ME_M1849	ME_M1317
47	13	0.0045	M1861	M1317	ME_M1861	ME_M1317
48	13	0.015	M187	M1317	ME_M187	ME_M1317
49	13	0.017	M188	M1317	ME_M188	ME_M1317
50	13	0.008	M189	M1317	ME_M189	ME_M1317
51	13	0.0005	M1903	M1317	ME_M1903	ME_M1317
52	13	0.0005	M1904	M1317	ME_M1904	ME_M1317
53	13	0.0085	M191	M1317	ME_M191	ME_M1317
54	13	0.036	M1918	M1317	ME_M1918	ME_M1317
55	13	0.066	M192	M1317	ME_M192	ME_M1317
56	13	0.0165	M193	M1317	ME_M193	ME_M1317
57	13	0.002	M1969	M1317	ME_M1969	ME_M1317
58	13	0.0025	M2198	M1317	ME_M2198	ME_M1317
59	13	0.0295	M229	M1317	ME_M229	ME_M1317
60	13	0.0385	M34	M1317	ME_M34	ME_M1317
61	13	0.134	M376	M1317	ME_M376	ME_M1317
62	13	0.0285	M38	M1317	ME_M38	ME_M1317
63	13	0.011	M396	M1317	ME_M396	ME_M1317
64	13	0.0405	M56	M1317	ME_M56	ME_M1317
65	13	0.003	M59	M1317	ME_M59	ME_M1317
66	13	0.5	M635	M1317	ME_M635	ME_M1317
67	13	0.0195	M637	M1317	ME_M637	ME_M1317
68	13	0.0025	M644	M1317	ME_M644	ME_M1317
69	13	0.1615	M65	M1317	ME_M65	ME_M1317
70	13	0.006	M660	M1317	ME_M660	ME_M1317
71	13	0.017	M68	M1317	ME_M68	ME_M1317
72	13	0.006	M736	M1317	ME_M736	ME_M1317
73	13	0.0265	M737	M1317	ME_M737	ME_M1317
75	13	0.0025	M744	M1317	ME_M744	ME_M1317
76	13	0.0045	M883	M1317	ME_M883	ME_M1317
77	13	0.201	M91	M1317	ME_M91	ME_M1317
78	13	0.0575	M92	M1317	ME_M92	ME_M1317
79	13	0.2765	M93	M1317	ME_M93	ME_M1317
80	13	0.002	M936	M1317	ME_M936	ME_M1317
1	14	0.0005	M1024	M1403	ME_M1024	ME_M1403
2	14	0.0085	M1046	M1403	ME_M1046	ME_M1403
3	14	0.012	M1115	M1403	ME_M1115	ME_M1403
4	14	0.058	M1158	M1403	ME_M1158	ME_M1403
5	14	0.009	M1196	M1403	ME_M1196	ME_M1403
6	14	0.0035	M1198	M1403	ME_M1198	ME_M1403
7	14	0.009	M1206	M1403	ME_M1206	ME_M1403
8	14	0.0075	M1263	M1403	ME_M1263	ME_M1403
9	14	0.0255	M1304	M1403	ME_M1304	ME_M1403
11	14	0.0015	M1313	M1403	ME_M1313	ME_M1403
12	14	0.0015	M1314	M1403	ME_M1314	ME_M1403
13	14	0.059	M1317	M1403	ME_M1317	ME_M1403
15	14	0.178	M1405	M1403	ME_M1405	ME_M1403
16	14	0.0165	M144	M1403	ME_M144	ME_M1403
17	14	0.0495	M1460	M1403	ME_M1460	ME_M1403
18	14	0.7265	M1464	M1403	ME_M1464	ME_M1403
19	14	0.009	M1477	M1403	ME_M1477	ME_M1403
20	14	0.7355	M1505	M1403	ME_M1505	ME_M1403
21	14	0.0045	M1506	M1403	ME_M1506	ME_M1403
22	14	0.028	M1508	M1403	ME_M1508	ME_M1403
23	14	0.0135	M1509	M1403	ME_M1509	ME_M1403
24	14	0.015	M1510	M1403	ME_M1510	ME_M1403
25	14	0.0015	M1537	M1403	ME_M1537	ME_M1403
26	14	0.011	M154	M1403	ME_M154	ME_M1403
27	14	0.018	M1543	M1403	ME_M1543	ME_M1403
28	14	0.0005	M1547	M1403	ME_M1547	ME_M1403
29	14	0.006	M1548	M1403	ME_M1548	ME_M1403
30	14	0.0015	M1556	M1403	ME_M1556	ME_M1403
31	14	0.0045	M1557	M1403	ME_M1557	ME_M1403
33	14	0.0005	M1572	M1403	ME_M1572	ME_M1403
34	14	0.0185	M158	M1403	ME_M158	ME_M1403
35	14	0.001	M1582	M1403	ME_M1582	ME_M1403
36	14	0.001	M1592	M1403	ME_M1592	ME_M1403
37	14	0.0005	M1599	M1403	ME_M1599	ME_M1403
38	14	0.0465	M1640	M1403	ME_M1640	ME_M1403
39	14	0.001	M1643	M1403	ME_M1643	ME_M1403
40	14	0.006	M1644	M1403	ME_M1644	ME_M1403
41	14	0.0015	M1649	M1403	ME_M1649	ME_M1403
42	14	0.002	M1650	M1403	ME_M1650	ME_M1403
43	14	0.0075	M1654	M1403	ME_M1654	ME_M1403
44	14	0.0045	M1710	M1403	ME_M1710	ME_M1403
45	14	0.018	M1823	M1403	ME_M1823	ME_M1403
46	14	0.033	M1849	M1403	ME_M1849	ME_M1403
47	14	0.0215	M1861	M1403	ME_M1861	ME_M1403
48	14	0.003	M187	M1403	ME_M187	ME_M1403
49	14	0.002	M188	M1403	ME_M188	ME_M1403
50	14	0.0005	M189	M1403	ME_M189	ME_M1403
51	14	0.0075	M1903	M1403	ME_M1903	ME_M1403
52	14	0.0055	M1904	M1403	ME_M1904	ME_M1403
53	14	0.0015	M191	M1403	ME_M191	ME_M1403
54	14	0.0115	M1918	M1403	ME_M1918	ME_M1403
55	14	0.0015	M192	M1403	ME_M192	ME_M1403
56	14	0.0045	M193	M1403	ME_M193	ME_M1403
57	14	0.001	M1969	M1403	ME_M1969	ME_M1403
58	14	0.003	M2198	M1403	ME_M2198	ME_M1403
59	14	0.008	M229	M1403	ME_M229	ME_M1403
60	14	0.0055	M34	M1403	ME_M34	ME_M1403
61	14	0.6215	M376	M1403	ME_M376	ME_M1403
62	14	0.0035	M38	M1403	ME_M38	ME_M1403
63	14	0.005	M396	M1403	ME_M396	ME_M1403
64	14	0.009	M56	M1403	ME_M56	ME_M1403
65	14	0.002	M59	M1403	ME_M59	ME_M1403
66	14	0.005	M635	M1403	ME_M635	ME_M1403
67	14	0.0005	M637	M1403	ME_M637	ME_M1403
68	14	0.003	M644	M1403	ME_M644	ME_M1403
69	14	0.0025	M65	M1403	ME_M65	ME_M1403
70	14	0.003	M660	M1403	ME_M660	ME_M1403
71	14	0.005	M68	M1403	ME_M68	ME_M1403
72	14	0.001	M736	M1403	ME_M736	ME_M1403
73	14	0.0005	M737	M1403	ME_M737	ME_M1403
74	14	0.002	M742	M1403	ME_M742	ME_M1403
75	14	0.0005	M744	M1403	ME_M744	ME_M1403
76	14	0.0045	M883	M1403	ME_M883	ME_M1403
77	14	0.008	M91	M1403	ME_M91	ME_M1403
78	14	0.004	M92	M1403	ME_M92	ME_M1403
79	14	0.0035	M93	M1403	ME_M93	ME_M1403
1	15	0.0015	M1024	M1405	ME_M1024	ME_M1405
2	15	0.02	M1046	M1405	ME_M1046	ME_M1405
3	15	0.0025	M1115	M1405	ME_M1115	ME_M1405
4	15	0.009	M1158	M1405	ME_M1158	ME_M1405
5	15	0.027	M1196	M1405	ME_M1196	ME_M1405
6	15	0.015	M1198	M1405	ME_M1198	ME_M1405
7	15	0.0575	M1206	M1405	ME_M1206	ME_M1405
8	15	0.0145	M1263	M1405	ME_M1263	ME_M1405
9	15	0.0315	M1304	M1405	ME_M1304	ME_M1405
10	15	0.0005	M1308	M1405	ME_M1308	ME_M1405
11	15	0.0005	M1313	M1405	ME_M1313	ME_M1405
12	15	0.01	M1314	M1405	ME_M1314	ME_M1405
13	15	0.0365	M1317	M1405	ME_M1317	ME_M1405
14	15	0.097	M1403	M1405	ME_M1403	ME_M1405
16	15	0.207	M144	M1405	ME_M144	ME_M1405
17	15	0.0125	M1460	M1405	ME_M1460	ME_M1405
18	15	0.048	M1464	M1405	ME_M1464	ME_M1405
19	15	0.008	M1477	M1405	ME_M1477	ME_M1405
20	15	0.3	M1505	M1405	ME_M1505	ME_M1405
21	15	0.075	M1506	M1405	ME_M1506	ME_M1405
22	15	0.46	M1508	M1405	ME_M1508	ME_M1405
23	15	0.0175	M1509	M1405	ME_M1509	ME_M1405
24	15	0.2145	M1510	M1405	ME_M1510	ME_M1405
25	15	0.0005	M1537	M1405	ME_M1537	ME_M1405
26	15	0.023	M154	M1405	ME_M154	ME_M1405
27	15	0.002	M1543	M1405	ME_M1543	ME_M1405
28	15	0.001	M1547	M1405	ME_M1547	ME_M1405
29	15	0.01	M1548	M1405	ME_M1548	ME_M1405
30	15	0.005	M1556	M1405	ME_M1556	ME_M1405
31	15	0.0065	M1557	M1405	ME_M1557	ME_M1405
32	15	0.0035	M1564	M1405	ME_M1564	ME_M1405
33	15	0.001	M1572	M1405	ME_M1572	ME_M1405
34	15	0.066	M158	M1405	ME_M158	ME_M1405
35	15	0.001	M1582	M1405	ME_M1582	ME_M1405
36	15	0.003	M1592	M1405	ME_M1592	ME_M1405
37	15	0.002	M1599	M1405	ME_M1599	ME_M1405
38	15	0.0055	M1640	M1405	ME_M1640	ME_M1405
39	15	0.009	M1643	M1405	ME_M1643	ME_M1405
40	15	0.043	M1644	M1405	ME_M1644	ME_M1405
41	15	0.005	M1649	M1405	ME_M1649	ME_M1405
42	15	0.0045	M1650	M1405	ME_M1650	ME_M1405
43	15	0.015	M1654	M1405	ME_M1654	ME_M1405
44	15	0.0095	M1710	M1405	ME_M1710	ME_M1405
45	15	0.0045	M1823	M1405	ME_M1823	ME_M1405
46	15	0.0815	M1849	M1405	ME_M1849	ME_M1405
47	15	0.011	M1861	M1405	ME_M1861	ME_M1405
48	15	0.077	M187	M1405	ME_M187	ME_M1405
49	15	0.0065	M188	M1405	ME_M188	ME_M1405
50	15	0.0005	M189	M1405	ME_M189	ME_M1405
51	15	0.0035	M1903	M1405	ME_M1903	ME_M1405
53	15	0.045	M191	M1405	ME_M191	ME_M1405
54	15	0.01	M1918	M1405	ME_M1918	ME_M1405
55	15	0.001	M192	M1405	ME_M192	ME_M1405
56	15	0.022	M193	M1405	ME_M193	ME_M1405
57	15	0.0015	M1969	M1405	ME_M1969	ME_M1405
58	15	0.0035	M2198	M1405	ME_M2198	ME_M1405
59	15	0.005	M229	M1405	ME_M229	ME_M1405
60	15	0.013	M34	M1405	ME_M34	ME_M1405
61	15	0.049	M376	M1405	ME_M376	ME_M1405
62	15	0.006	M38	M1405	ME_M38	ME_M1405
63	15	0.0025	M396	M1405	ME_M396	ME_M1405
64	15	0.0285	M56	M1405	ME_M56	ME_M1405
65	15	0.0045	M59	M1405	ME_M59	ME_M1405
66	15	0.026	M635	M1405	ME_M635	ME_M1405
67	15	0.022	M637	M1405	ME_M637	ME_M1405
68	15	0.017	M644	M1405	ME_M644	ME_M1405
69	15	0.036	M65	M1405	ME_M65	ME_M1405
70	15	0.0415	M660	M1405	ME_M660	ME_M1405
71	15	0.414	M68	M1405	ME_M68	ME_M1405
72	15	0.001	M736	M1405	ME_M736	ME_M1405
73	15	0.0075	M737	M1405	ME_M737	ME_M1405
74	15	0.0005	M742	M1405	ME_M742	ME_M1405
75	15	0.002	M744	M1405	ME_M744	ME_M1405
76	15	0.021	M883	M1405	ME_M883	ME_M1405
77	15	0.006	M91	M1405	ME_M91	ME_M1405
78	15	0.0095	M92	M1405	ME_M92	ME_M1405
79	15	0.007	M93	M1405	ME_M93	ME_M1405
80	15	0.0025	M936	M1405	ME_M936	ME_M1405
1	16	0.0005	M1024	M144	ME_M1024	ME_M144
2	16	0.0165	M1046	M144	ME_M1046	ME_M144
3	16	0.0035	M1115	M144	ME_M1115	ME_M144
4	16	0.0045	M1158	M144	ME_M1158	ME_M144
5	16	0.0065	M1196	M144	ME_M1196	ME_M144
6	16	0.003	M1198	M144	ME_M1198	ME_M144
7	16	0.004	M1206	M144	ME_M1206	ME_M144
8	16	0.0065	M1263	M144	ME_M1263	ME_M144
9	16	0.008	M1304	M144	ME_M1304	ME_M144
10	16	0.0005	M1308	M144	ME_M1308	ME_M144
11	16	0.0015	M1313	M144	ME_M1313	ME_M144
12	16	0.004	M1314	M144	ME_M1314	ME_M144
13	16	0.1295	M1317	M144	ME_M1317	ME_M144
14	16	0.0115	M1403	M144	ME_M1403	ME_M144
15	16	0.513	M1405	M144	ME_M1405	ME_M144
17	16	0.0255	M1460	M144	ME_M1460	ME_M144
18	16	0.0165	M1464	M144	ME_M1464	ME_M144
19	16	0.0115	M1477	M144	ME_M1477	ME_M144
20	16	0.0945	M1505	M144	ME_M1505	ME_M144
21	16	0.015	M1506	M144	ME_M1506	ME_M144
22	16	0.0935	M1508	M144	ME_M1508	ME_M144
23	16	0.0305	M1509	M144	ME_M1509	ME_M144
24	16	0.0345	M1510	M144	ME_M1510	ME_M144
25	16	0.001	M1537	M144	ME_M1537	ME_M144
26	16	0.085	M154	M144	ME_M154	ME_M144
27	16	0.0025	M1543	M144	ME_M1543	ME_M144
28	16	0.001	M1547	M144	ME_M1547	ME_M144
29	16	0.002	M1548	M144	ME_M1548	ME_M144
30	16	0.015	M1556	M144	ME_M1556	ME_M144
31	16	0.007	M1557	M144	ME_M1557	ME_M144
32	16	0.0115	M1564	M144	ME_M1564	ME_M144
33	16	0.001	M1572	M144	ME_M1572	ME_M144
34	16	0.5655	M158	M144	ME_M158	ME_M144
35	16	0.0005	M1582	M144	ME_M1582	ME_M144
36	16	0.007	M1592	M144	ME_M1592	ME_M144
37	16	0.0005	M1599	M144	ME_M1599	ME_M144
38	16	0.0035	M1640	M144	ME_M1640	ME_M144
39	16	0.006	M1643	M144	ME_M1643	ME_M144
40	16	0.0075	M1644	M144	ME_M1644	ME_M144
41	16	0.001	M1649	M144	ME_M1649	ME_M144
42	16	0.002	M1650	M144	ME_M1650	ME_M144
43	16	0.0095	M1654	M144	ME_M1654	ME_M144
44	16	0.0035	M1710	M144	ME_M1710	ME_M144
45	16	0.008	M1823	M144	ME_M1823	ME_M144
46	16	0.051	M1849	M144	ME_M1849	ME_M144
47	16	0.0125	M1861	M144	ME_M1861	ME_M144
48	16	0.0645	M187	M144	ME_M187	ME_M144
49	16	0.0605	M188	M144	ME_M188	ME_M144
50	16	0.0045	M189	M144	ME_M189	ME_M144
51	16	0.0055	M1903	M144	ME_M1903	ME_M144
52	16	0.0005	M1904	M144	ME_M1904	ME_M144
53	16	0.0155	M191	M144	ME_M191	ME_M144
54	16	0.047	M1918	M144	ME_M1918	ME_M144
55	16	0.0035	M192	M144	ME_M192	ME_M144
56	16	0.0475	M193	M144	ME_M193	ME_M144
57	16	0.003	M1969	M144	ME_M1969	ME_M144
58	16	0.0025	M2198	M144	ME_M2198	ME_M144
59	16	0.0135	M229	M144	ME_M229	ME_M144
60	16	0.059	M34	M144	ME_M34	ME_M144
61	16	0.0385	M376	M144	ME_M376	ME_M144
62	16	0.366	M38	M144	ME_M38	ME_M144
63	16	0.0025	M396	M144	ME_M396	ME_M144
64	16	0.0865	M56	M144	ME_M56	ME_M144
65	16	0.021	M59	M144	ME_M59	ME_M144
66	16	0.0065	M635	M144	ME_M635	ME_M144
67	16	0.012	M637	M144	ME_M637	ME_M144
68	16	0.004	M644	M144	ME_M644	ME_M144
69	16	0.0095	M65	M144	ME_M65	ME_M144
70	16	0.0305	M660	M144	ME_M660	ME_M144
71	16	0.0115	M68	M144	ME_M68	ME_M144
72	16	0.0025	M736	M144	ME_M736	ME_M144
73	16	0.0005	M737	M144	ME_M737	ME_M144
75	16	0.0025	M744	M144	ME_M744	ME_M144
76	16	0.015	M883	M144	ME_M883	ME_M144
77	16	0.0065	M91	M144	ME_M91	ME_M144
78	16	0.0425	M92	M144	ME_M92	ME_M144
79	16	0.0265	M93	M144	ME_M93	ME_M144
80	16	0.002	M936	M144	ME_M936	ME_M144
1	17	0.001	M1024	M1460	ME_M1024	ME_M1460
2	17	0.006	M1046	M1460	ME_M1046	ME_M1460
3	17	0.006	M1115	M1460	ME_M1115	ME_M1460
4	17	0.0085	M1158	M1460	ME_M1158	ME_M1460
5	17	0.0065	M1196	M1460	ME_M1196	ME_M1460
6	17	0.005	M1198	M1460	ME_M1198	ME_M1460
7	17	0.004	M1206	M1460	ME_M1206	ME_M1460
8	17	0.006	M1263	M1460	ME_M1263	ME_M1460
9	17	0.006	M1304	M1460	ME_M1304	ME_M1460
10	17	0.0005	M1308	M1460	ME_M1308	ME_M1460
11	17	0.005	M1313	M1460	ME_M1313	ME_M1460
12	17	0.002	M1314	M1460	ME_M1314	ME_M1460
13	17	0.0325	M1317	M1460	ME_M1317	ME_M1460
14	17	0.016	M1403	M1460	ME_M1403	ME_M1460
15	17	0.0215	M1405	M1460	ME_M1405	ME_M1460
16	17	0.0405	M144	M1460	ME_M144	ME_M1460
18	17	0.196	M1464	M1460	ME_M1464	ME_M1460
19	17	0.116	M1477	M1460	ME_M1477	ME_M1460
20	17	0.0225	M1505	M1460	ME_M1505	ME_M1460
21	17	0.015	M1506	M1460	ME_M1506	ME_M1460
22	17	0.502	M1508	M1460	ME_M1508	ME_M1460
23	17	0.011	M1509	M1460	ME_M1509	ME_M1460
24	17	0.052	M1510	M1460	ME_M1510	ME_M1460
25	17	0.007	M1537	M1460	ME_M1537	ME_M1460
26	17	0.325	M154	M1460	ME_M154	ME_M1460
27	17	0.002	M1543	M1460	ME_M1543	ME_M1460
28	17	0.0025	M1547	M1460	ME_M1547	ME_M1460
29	17	0.0145	M1548	M1460	ME_M1548	ME_M1460
30	17	0.004	M1556	M1460	ME_M1556	ME_M1460
31	17	0.0085	M1557	M1460	ME_M1557	ME_M1460
32	17	0.002	M1564	M1460	ME_M1564	ME_M1460
33	17	0.0005	M1572	M1460	ME_M1572	ME_M1460
34	17	0.0165	M158	M1460	ME_M158	ME_M1460
35	17	0.001	M1582	M1460	ME_M1582	ME_M1460
36	17	0.014	M1592	M1460	ME_M1592	ME_M1460
37	17	0.0045	M1599	M1460	ME_M1599	ME_M1460
38	17	0.0025	M1640	M1460	ME_M1640	ME_M1460
39	17	0.0825	M1643	M1460	ME_M1643	ME_M1460
40	17	0.012	M1644	M1460	ME_M1644	ME_M1460
41	17	0.0035	M1649	M1460	ME_M1649	ME_M1460
42	17	0.0015	M1650	M1460	ME_M1650	ME_M1460
43	17	0.004	M1654	M1460	ME_M1654	ME_M1460
44	17	0.0115	M1710	M1460	ME_M1710	ME_M1460
45	17	0.006	M1823	M1460	ME_M1823	ME_M1460
46	17	0.01	M1849	M1460	ME_M1849	ME_M1460
47	17	0.0145	M1861	M1460	ME_M1861	ME_M1460
48	17	0.2525	M187	M1460	ME_M187	ME_M1460
49	17	0.0125	M188	M1460	ME_M188	ME_M1460
51	17	0.001	M1903	M1460	ME_M1903	ME_M1460
52	17	0.0005	M1904	M1460	ME_M1904	ME_M1460
53	17	0.004	M191	M1460	ME_M191	ME_M1460
54	17	0.006	M1918	M1460	ME_M1918	ME_M1460
55	17	0.0045	M192	M1460	ME_M192	ME_M1460
56	17	0.006	M193	M1460	ME_M193	ME_M1460
57	17	0.011	M1969	M1460	ME_M1969	ME_M1460
58	17	0.0015	M2198	M1460	ME_M2198	ME_M1460
59	17	0.035	M229	M1460	ME_M229	ME_M1460
60	17	0.083	M34	M1460	ME_M34	ME_M1460
61	17	0.614	M376	M1460	ME_M376	ME_M1460
62	17	0.03	M38	M1460	ME_M38	ME_M1460
63	17	0.011	M396	M1460	ME_M396	ME_M1460
64	17	0.028	M56	M1460	ME_M56	ME_M1460
65	17	0.006	M59	M1460	ME_M59	ME_M1460
66	17	0.005	M635	M1460	ME_M635	ME_M1460
67	17	0.0035	M637	M1460	ME_M637	ME_M1460
68	17	0.001	M644	M1460	ME_M644	ME_M1460
69	17	0.0035	M65	M1460	ME_M65	ME_M1460
70	17	0.0045	M660	M1460	ME_M660	ME_M1460
71	17	0.007	M68	M1460	ME_M68	ME_M1460
72	17	0.0015	M736	M1460	ME_M736	ME_M1460
73	17	0.0005	M737	M1460	ME_M737	ME_M1460
75	17	0.003	M744	M1460	ME_M744	ME_M1460
76	17	0.0235	M883	M1460	ME_M883	ME_M1460
77	17	0.009	M91	M1460	ME_M91	ME_M1460
78	17	0.013	M92	M1460	ME_M92	ME_M1460
79	17	0.0655	M93	M1460	ME_M93	ME_M1460
80	17	0.0025	M936	M1460	ME_M936	ME_M1460
1	18	0.002	M1024	M1464	ME_M1024	ME_M1464
2	18	0.003	M1046	M1464	ME_M1046	ME_M1464
3	18	0.002	M1115	M1464	ME_M1115	ME_M1464
4	18	0.0505	M1158	M1464	ME_M1158	ME_M1464
5	18	0.007	M1196	M1464	ME_M1196	ME_M1464
6	18	0.0045	M1198	M1464	ME_M1198	ME_M1464
7	18	0.006	M1206	M1464	ME_M1206	ME_M1464
8	18	0.046	M1263	M1464	ME_M1263	ME_M1464
9	18	0.017	M1304	M1464	ME_M1304	ME_M1464
10	18	0.0015	M1308	M1464	ME_M1308	ME_M1464
11	18	0.011	M1313	M1464	ME_M1313	ME_M1464
12	18	0.0045	M1314	M1464	ME_M1314	ME_M1464
13	18	0.41	M1317	M1464	ME_M1317	ME_M1464
14	18	0.258	M1403	M1464	ME_M1403	ME_M1464
15	18	0.681	M1405	M1464	ME_M1405	ME_M1464
16	18	0.0255	M144	M1464	ME_M144	ME_M1464
17	18	0.777	M1460	M1464	ME_M1460	ME_M1464
19	18	0.0155	M1477	M1464	ME_M1477	ME_M1464
20	18	0.0135	M1505	M1464	ME_M1505	ME_M1464
21	18	0.0125	M1506	M1464	ME_M1506	ME_M1464
22	18	0.057	M1508	M1464	ME_M1508	ME_M1464
23	18	0.0375	M1509	M1464	ME_M1509	ME_M1464
24	18	0.0335	M1510	M1464	ME_M1510	ME_M1464
25	18	0.002	M1537	M1464	ME_M1537	ME_M1464
26	18	0.025	M154	M1464	ME_M154	ME_M1464
27	18	0.0015	M1543	M1464	ME_M1543	ME_M1464
28	18	0.0005	M1547	M1464	ME_M1547	ME_M1464
29	18	0.002	M1548	M1464	ME_M1548	ME_M1464
30	18	0.0045	M1556	M1464	ME_M1556	ME_M1464
31	18	0.012	M1557	M1464	ME_M1557	ME_M1464
32	18	0.0015	M1564	M1464	ME_M1564	ME_M1464
33	18	0.0045	M1572	M1464	ME_M1572	ME_M1464
34	18	0.032	M158	M1464	ME_M158	ME_M1464
35	18	0.004	M1582	M1464	ME_M1582	ME_M1464
36	18	0.0055	M1592	M1464	ME_M1592	ME_M1464
37	18	0.001	M1599	M1464	ME_M1599	ME_M1464
38	18	0.003	M1640	M1464	ME_M1640	ME_M1464
39	18	0.0045	M1643	M1464	ME_M1643	ME_M1464
40	18	0.004	M1644	M1464	ME_M1644	ME_M1464
41	18	0.001	M1649	M1464	ME_M1649	ME_M1464
42	18	0.001	M1650	M1464	ME_M1650	ME_M1464
43	18	0.006	M1654	M1464	ME_M1654	ME_M1464
44	18	0.005	M1710	M1464	ME_M1710	ME_M1464
45	18	0.0065	M1823	M1464	ME_M1823	ME_M1464
46	18	0.005	M1849	M1464	ME_M1849	ME_M1464
47	18	0.008	M1861	M1464	ME_M1861	ME_M1464
48	18	0.0055	M187	M1464	ME_M187	ME_M1464
49	18	0.0155	M188	M1464	ME_M188	ME_M1464
50	18	0.0035	M189	M1464	ME_M189	ME_M1464
51	18	0.0025	M1903	M1464	ME_M1903	ME_M1464
52	18	0.0025	M1904	M1464	ME_M1904	ME_M1464
53	18	0.0045	M191	M1464	ME_M191	ME_M1464
54	18	0.0255	M1918	M1464	ME_M1918	ME_M1464
55	18	0.002	M192	M1464	ME_M192	ME_M1464
56	18	0.004	M193	M1464	ME_M193	ME_M1464
57	18	0.004	M1969	M1464	ME_M1969	ME_M1464
58	18	0.0095	M2198	M1464	ME_M2198	ME_M1464
59	18	0.0085	M229	M1464	ME_M229	ME_M1464
60	18	0.007	M34	M1464	ME_M34	ME_M1464
61	18	0.069	M376	M1464	ME_M376	ME_M1464
62	18	0.0045	M38	M1464	ME_M38	ME_M1464
63	18	0.002	M396	M1464	ME_M396	ME_M1464
64	18	0.031	M56	M1464	ME_M56	ME_M1464
65	18	0.0025	M59	M1464	ME_M59	ME_M1464
66	18	0.014	M635	M1464	ME_M635	ME_M1464
67	18	0.009	M637	M1464	ME_M637	ME_M1464
68	18	0.0025	M644	M1464	ME_M644	ME_M1464
69	18	0.003	M65	M1464	ME_M65	ME_M1464
70	18	0.005	M660	M1464	ME_M660	ME_M1464
71	18	0.032	M68	M1464	ME_M68	ME_M1464
72	18	0.0005	M736	M1464	ME_M736	ME_M1464
73	18	0.0005	M737	M1464	ME_M737	ME_M1464
74	18	0.0065	M742	M1464	ME_M742	ME_M1464
75	18	0.0005	M744	M1464	ME_M744	ME_M1464
76	18	0.011	M883	M1464	ME_M883	ME_M1464
77	18	0.0045	M91	M1464	ME_M91	ME_M1464
78	18	0.0035	M92	M1464	ME_M92	ME_M1464
79	18	0.0015	M93	M1464	ME_M93	ME_M1464
80	18	0.0015	M936	M1464	ME_M936	ME_M1464
1	19	0.0005	M1024	M1477	ME_M1024	ME_M1477
2	19	0.008	M1046	M1477	ME_M1046	ME_M1477
3	19	0.0015	M1115	M1477	ME_M1115	ME_M1477
4	19	0.012	M1158	M1477	ME_M1158	ME_M1477
5	19	0.0235	M1196	M1477	ME_M1196	ME_M1477
6	19	0.031	M1198	M1477	ME_M1198	ME_M1477
7	19	0.0075	M1206	M1477	ME_M1206	ME_M1477
8	19	0.0025	M1263	M1477	ME_M1263	ME_M1477
9	19	0.006	M1304	M1477	ME_M1304	ME_M1477
11	19	0.0025	M1313	M1477	ME_M1313	ME_M1477
12	19	0.002	M1314	M1477	ME_M1314	ME_M1477
13	19	0.0145	M1317	M1477	ME_M1317	ME_M1477
14	19	0.0065	M1403	M1477	ME_M1403	ME_M1477
15	19	0.007	M1405	M1477	ME_M1405	ME_M1477
16	19	0.017	M144	M1477	ME_M144	ME_M1477
17	19	0.542	M1460	M1477	ME_M1460	ME_M1477
18	19	0.007	M1464	M1477	ME_M1464	ME_M1477
20	19	0.131	M1505	M1477	ME_M1505	ME_M1477
21	19	0.0145	M1506	M1477	ME_M1506	ME_M1477
22	19	0.067	M1508	M1477	ME_M1508	ME_M1477
23	19	0.3095	M1509	M1477	ME_M1509	ME_M1477
24	19	0.0365	M1510	M1477	ME_M1510	ME_M1477
25	19	0.002	M1537	M1477	ME_M1537	ME_M1477
26	19	0.043	M154	M1477	ME_M154	ME_M1477
28	19	0.0005	M1547	M1477	ME_M1547	ME_M1477
29	19	0.274	M1548	M1477	ME_M1548	ME_M1477
30	19	0.004	M1556	M1477	ME_M1556	ME_M1477
31	19	0.0115	M1557	M1477	ME_M1557	ME_M1477
32	19	0.002	M1564	M1477	ME_M1564	ME_M1477
33	19	0.001	M1572	M1477	ME_M1572	ME_M1477
34	19	0.063	M158	M1477	ME_M158	ME_M1477
35	19	0.011	M1582	M1477	ME_M1582	ME_M1477
36	19	0.003	M1592	M1477	ME_M1592	ME_M1477
37	19	0.0015	M1599	M1477	ME_M1599	ME_M1477
38	19	0.001	M1640	M1477	ME_M1640	ME_M1477
39	19	0.002	M1643	M1477	ME_M1643	ME_M1477
40	19	0.023	M1644	M1477	ME_M1644	ME_M1477
41	19	0.005	M1649	M1477	ME_M1649	ME_M1477
42	19	0.0035	M1650	M1477	ME_M1650	ME_M1477
43	19	0.018	M1654	M1477	ME_M1654	ME_M1477
44	19	0.443	M1710	M1477	ME_M1710	ME_M1477
45	19	0.019	M1823	M1477	ME_M1823	ME_M1477
46	19	0.01	M1849	M1477	ME_M1849	ME_M1477
47	19	0.0175	M1861	M1477	ME_M1861	ME_M1477
48	19	0.0025	M187	M1477	ME_M187	ME_M1477
49	19	0.0025	M188	M1477	ME_M188	ME_M1477
50	19	0.001	M189	M1477	ME_M189	ME_M1477
51	19	0.0015	M1903	M1477	ME_M1903	ME_M1477
52	19	0.0005	M1904	M1477	ME_M1904	ME_M1477
53	19	0.002	M191	M1477	ME_M191	ME_M1477
54	19	0.0935	M1918	M1477	ME_M1918	ME_M1477
55	19	0.0025	M192	M1477	ME_M192	ME_M1477
56	19	0.003	M193	M1477	ME_M193	ME_M1477
57	19	0.0015	M1969	M1477	ME_M1969	ME_M1477
58	19	0.0045	M2198	M1477	ME_M2198	ME_M1477
59	19	0.007	M229	M1477	ME_M229	ME_M1477
60	19	0.0075	M34	M1477	ME_M34	ME_M1477
61	19	0.089	M376	M1477	ME_M376	ME_M1477
62	19	0.004	M38	M1477	ME_M38	ME_M1477
64	19	0.0055	M56	M1477	ME_M56	ME_M1477
65	19	0.0025	M59	M1477	ME_M59	ME_M1477
66	19	0.0035	M635	M1477	ME_M635	ME_M1477
67	19	0.005	M637	M1477	ME_M637	ME_M1477
68	19	0.001	M644	M1477	ME_M644	ME_M1477
69	19	0.008	M65	M1477	ME_M65	ME_M1477
70	19	0.0075	M660	M1477	ME_M660	ME_M1477
71	19	0.007	M68	M1477	ME_M68	ME_M1477
72	19	0.01	M736	M1477	ME_M736	ME_M1477
73	19	0.002	M737	M1477	ME_M737	ME_M1477
74	19	0.0005	M742	M1477	ME_M742	ME_M1477
75	19	0.013	M744	M1477	ME_M744	ME_M1477
76	19	0.3605	M883	M1477	ME_M883	ME_M1477
77	19	0.0045	M91	M1477	ME_M91	ME_M1477
78	19	0.0045	M92	M1477	ME_M92	ME_M1477
79	19	0.0065	M93	M1477	ME_M93	ME_M1477
80	19	0.0015	M936	M1477	ME_M936	ME_M1477
1	20	0.0015	M1024	M1505	ME_M1024	ME_M1505
2	20	0.042	M1046	M1505	ME_M1046	ME_M1505
3	20	0.0005	M1115	M1505	ME_M1115	ME_M1505
4	20	0.0075	M1158	M1505	ME_M1158	ME_M1505
5	20	0.008	M1196	M1505	ME_M1196	ME_M1505
6	20	0.0055	M1198	M1505	ME_M1198	ME_M1505
7	20	0.0055	M1206	M1505	ME_M1206	ME_M1505
8	20	0.0025	M1263	M1505	ME_M1263	ME_M1505
9	20	0.0105	M1304	M1505	ME_M1304	ME_M1505
10	20	0.004	M1308	M1505	ME_M1308	ME_M1505
11	20	0.0005	M1313	M1505	ME_M1313	ME_M1505
12	20	0.002	M1314	M1505	ME_M1314	ME_M1505
13	20	0.022	M1317	M1505	ME_M1317	ME_M1505
14	20	0.0795	M1403	M1505	ME_M1403	ME_M1505
15	20	0.0505	M1405	M1505	ME_M1405	ME_M1505
16	20	0.6815	M144	M1505	ME_M144	ME_M1505
17	20	0.015	M1460	M1505	ME_M1460	ME_M1505
18	20	0.017	M1464	M1505	ME_M1464	ME_M1505
19	20	0.083	M1477	M1505	ME_M1477	ME_M1505
21	20	0.0095	M1506	M1505	ME_M1506	ME_M1505
22	20	0.018	M1508	M1505	ME_M1508	ME_M1505
23	20	0.053	M1509	M1505	ME_M1509	ME_M1505
24	20	0.6535	M1510	M1505	ME_M1510	ME_M1505
25	20	0.0005	M1537	M1505	ME_M1537	ME_M1505
26	20	0.017	M154	M1505	ME_M154	ME_M1505
27	20	0.0015	M1543	M1505	ME_M1543	ME_M1505
28	20	0.0025	M1547	M1505	ME_M1547	ME_M1505
29	20	0.0095	M1548	M1505	ME_M1548	ME_M1505
30	20	0.0495	M1556	M1505	ME_M1556	ME_M1505
31	20	0.006	M1557	M1505	ME_M1557	ME_M1505
32	20	0.0025	M1564	M1505	ME_M1564	ME_M1505
33	20	0.003	M1572	M1505	ME_M1572	ME_M1505
34	20	0.1165	M158	M1505	ME_M158	ME_M1505
35	20	0.003	M1582	M1505	ME_M1582	ME_M1505
37	20	0.001	M1599	M1505	ME_M1599	ME_M1505
38	20	0.0075	M1640	M1505	ME_M1640	ME_M1505
39	20	0.0015	M1643	M1505	ME_M1643	ME_M1505
40	20	0.0095	M1644	M1505	ME_M1644	ME_M1505
41	20	0.002	M1649	M1505	ME_M1649	ME_M1505
42	20	0.021	M1650	M1505	ME_M1650	ME_M1505
43	20	0.373	M1654	M1505	ME_M1654	ME_M1505
44	20	0.0035	M1710	M1505	ME_M1710	ME_M1505
45	20	0.077	M1823	M1505	ME_M1823	ME_M1505
46	20	0.02	M1849	M1505	ME_M1849	ME_M1505
47	20	0.017	M1861	M1505	ME_M1861	ME_M1505
48	20	0.004	M187	M1505	ME_M187	ME_M1505
49	20	0.0155	M188	M1505	ME_M188	ME_M1505
50	20	0.0005	M189	M1505	ME_M189	ME_M1505
51	20	0.012	M1903	M1505	ME_M1903	ME_M1505
52	20	0.0015	M1904	M1505	ME_M1904	ME_M1505
53	20	0.0055	M191	M1505	ME_M191	ME_M1505
54	20	0.042	M1918	M1505	ME_M1918	ME_M1505
55	20	0.0025	M192	M1505	ME_M192	ME_M1505
56	20	0.008	M193	M1505	ME_M193	ME_M1505
57	20	0.004	M1969	M1505	ME_M1969	ME_M1505
58	20	0.0005	M2198	M1505	ME_M2198	ME_M1505
59	20	0.0325	M229	M1505	ME_M229	ME_M1505
60	20	0.0085	M34	M1505	ME_M34	ME_M1505
61	20	0.017	M376	M1505	ME_M376	ME_M1505
62	20	0.005	M38	M1505	ME_M38	ME_M1505
63	20	0.001	M396	M1505	ME_M396	ME_M1505
64	20	0.0165	M56	M1505	ME_M56	ME_M1505
65	20	0.0095	M59	M1505	ME_M59	ME_M1505
66	20	0.0055	M635	M1505	ME_M635	ME_M1505
67	20	0.0325	M637	M1505	ME_M637	ME_M1505
68	20	0.0015	M644	M1505	ME_M644	ME_M1505
69	20	0.006	M65	M1505	ME_M65	ME_M1505
70	20	0.0615	M660	M1505	ME_M660	ME_M1505
71	20	0.0125	M68	M1505	ME_M68	ME_M1505
72	20	0.003	M736	M1505	ME_M736	ME_M1505
73	20	0.012	M737	M1505	ME_M737	ME_M1505
74	20	0.0005	M742	M1505	ME_M742	ME_M1505
75	20	0.002	M744	M1505	ME_M744	ME_M1505
76	20	0.0235	M883	M1505	ME_M883	ME_M1505
77	20	0.0025	M91	M1505	ME_M91	ME_M1505
78	20	0.012	M92	M1505	ME_M92	ME_M1505
79	20	0.006	M93	M1505	ME_M93	ME_M1505
80	20	0.002	M936	M1505	ME_M936	ME_M1505
1	21	0.0015	M1024	M1506	ME_M1024	ME_M1506
2	21	0.0135	M1046	M1506	ME_M1046	ME_M1506
3	21	0.001	M1115	M1506	ME_M1115	ME_M1506
4	21	0.004	M1158	M1506	ME_M1158	ME_M1506
5	21	0.044	M1196	M1506	ME_M1196	ME_M1506
6	21	0.0115	M1198	M1506	ME_M1198	ME_M1506
7	21	0.0075	M1206	M1506	ME_M1206	ME_M1506
8	21	0.0025	M1263	M1506	ME_M1263	ME_M1506
9	21	0.0425	M1304	M1506	ME_M1304	ME_M1506
11	21	0.001	M1313	M1506	ME_M1313	ME_M1506
12	21	0.0045	M1314	M1506	ME_M1314	ME_M1506
13	21	0.029	M1317	M1506	ME_M1317	ME_M1506
14	21	0.0045	M1403	M1506	ME_M1403	ME_M1506
15	21	0.068	M1405	M1506	ME_M1405	ME_M1506
16	21	0.0365	M144	M1506	ME_M144	ME_M1506
17	21	0.011	M1460	M1506	ME_M1460	ME_M1506
18	21	0.009	M1464	M1506	ME_M1464	ME_M1506
19	21	0.0375	M1477	M1506	ME_M1477	ME_M1506
20	21	0.0115	M1505	M1506	ME_M1505	ME_M1506
22	21	0.8005	M1508	M1506	ME_M1508	ME_M1506
23	21	0.013	M1509	M1506	ME_M1509	ME_M1506
24	21	0.014	M1510	M1506	ME_M1510	ME_M1506
26	21	0.018	M154	M1506	ME_M154	ME_M1506
27	21	0.0005	M1543	M1506	ME_M1543	ME_M1506
28	21	0.001	M1547	M1506	ME_M1547	ME_M1506
29	21	0.012	M1548	M1506	ME_M1548	ME_M1506
30	21	0.006	M1556	M1506	ME_M1556	ME_M1506
31	21	0.009	M1557	M1506	ME_M1557	ME_M1506
32	21	0.003	M1564	M1506	ME_M1564	ME_M1506
33	21	0.0005	M1572	M1506	ME_M1572	ME_M1506
34	21	0.0245	M158	M1506	ME_M158	ME_M1506
35	21	0.001	M1582	M1506	ME_M1582	ME_M1506
36	21	0.0055	M1592	M1506	ME_M1592	ME_M1506
37	21	0.003	M1599	M1506	ME_M1599	ME_M1506
38	21	0.0095	M1640	M1506	ME_M1640	ME_M1506
39	21	0.0025	M1643	M1506	ME_M1643	ME_M1506
40	21	0.0105	M1644	M1506	ME_M1644	ME_M1506
41	21	0.0035	M1649	M1506	ME_M1649	ME_M1506
42	21	0.0055	M1650	M1506	ME_M1650	ME_M1506
43	21	0.0255	M1654	M1506	ME_M1654	ME_M1506
44	21	0.7225	M1710	M1506	ME_M1710	ME_M1506
45	21	0.0055	M1823	M1506	ME_M1823	ME_M1506
46	21	0.0095	M1849	M1506	ME_M1849	ME_M1506
47	21	0.0055	M1861	M1506	ME_M1861	ME_M1506
48	21	0.01	M187	M1506	ME_M187	ME_M1506
49	21	0.0045	M188	M1506	ME_M188	ME_M1506
50	21	0.001	M189	M1506	ME_M189	ME_M1506
51	21	0.0005	M1903	M1506	ME_M1903	ME_M1506
52	21	0.0005	M1904	M1506	ME_M1904	ME_M1506
53	21	0.001	M191	M1506	ME_M191	ME_M1506
54	21	0.0065	M1918	M1506	ME_M1918	ME_M1506
55	21	0.008	M192	M1506	ME_M192	ME_M1506
56	21	0.0035	M193	M1506	ME_M193	ME_M1506
57	21	0.0005	M1969	M1506	ME_M1969	ME_M1506
58	21	0.0115	M2198	M1506	ME_M2198	ME_M1506
59	21	0.005	M229	M1506	ME_M229	ME_M1506
60	21	0.5065	M34	M1506	ME_M34	ME_M1506
61	21	0.0055	M376	M1506	ME_M376	ME_M1506
62	21	0.022	M38	M1506	ME_M38	ME_M1506
63	21	0.008	M396	M1506	ME_M396	ME_M1506
64	21	0.037	M56	M1506	ME_M56	ME_M1506
65	21	0.0175	M59	M1506	ME_M59	ME_M1506
66	21	0.0095	M635	M1506	ME_M635	ME_M1506
67	21	0.0145	M637	M1506	ME_M637	ME_M1506
68	21	0.0025	M644	M1506	ME_M644	ME_M1506
69	21	0.022	M65	M1506	ME_M65	ME_M1506
70	21	0.006	M660	M1506	ME_M660	ME_M1506
71	21	0.088	M68	M1506	ME_M68	ME_M1506
72	21	0.004	M736	M1506	ME_M736	ME_M1506
73	21	0.0045	M737	M1506	ME_M737	ME_M1506
75	21	0.0035	M744	M1506	ME_M744	ME_M1506
76	21	0.0305	M883	M1506	ME_M883	ME_M1506
77	21	0.0175	M91	M1506	ME_M91	ME_M1506
78	21	0.0045	M92	M1506	ME_M92	ME_M1506
79	21	0.0075	M93	M1506	ME_M93	ME_M1506
80	21	0.004	M936	M1506	ME_M936	ME_M1506
1	22	0.002	M1024	M1508	ME_M1024	ME_M1508
2	22	0.004	M1046	M1508	ME_M1046	ME_M1508
3	22	0.002	M1115	M1508	ME_M1115	ME_M1508
4	22	0.0075	M1158	M1508	ME_M1158	ME_M1508
5	22	0.0055	M1196	M1508	ME_M1196	ME_M1508
6	22	0.0025	M1198	M1508	ME_M1198	ME_M1508
7	22	0.007	M1206	M1508	ME_M1206	ME_M1508
8	22	0.0025	M1263	M1508	ME_M1263	ME_M1508
9	22	0.01	M1304	M1508	ME_M1304	ME_M1508
11	22	0.001	M1313	M1508	ME_M1313	ME_M1508
12	22	0.001	M1314	M1508	ME_M1314	ME_M1508
13	22	0.022	M1317	M1508	ME_M1317	ME_M1508
14	22	0.0075	M1403	M1508	ME_M1403	ME_M1508
15	22	0.424	M1405	M1508	ME_M1405	ME_M1508
16	22	0.1805	M144	M1508	ME_M144	ME_M1508
17	22	0.139	M1460	M1508	ME_M1460	ME_M1508
18	22	0.0205	M1464	M1508	ME_M1464	ME_M1508
19	22	0.0425	M1477	M1508	ME_M1477	ME_M1508
20	22	0.0255	M1505	M1508	ME_M1505	ME_M1508
21	22	0.051	M1506	M1508	ME_M1506	ME_M1508
23	22	0.076	M1509	M1508	ME_M1509	ME_M1508
24	22	0.2135	M1510	M1508	ME_M1510	ME_M1508
26	22	0.1325	M154	M1508	ME_M154	ME_M1508
27	22	0.0025	M1543	M1508	ME_M1543	ME_M1508
28	22	0.0015	M1547	M1508	ME_M1547	ME_M1508
29	22	0.0005	M1548	M1508	ME_M1548	ME_M1508
30	22	0.032	M1556	M1508	ME_M1556	ME_M1508
31	22	0.006	M1557	M1508	ME_M1557	ME_M1508
32	22	0.0075	M1564	M1508	ME_M1564	ME_M1508
33	22	0.0005	M1572	M1508	ME_M1572	ME_M1508
34	22	0.413	M158	M1508	ME_M158	ME_M1508
35	22	0.002	M1582	M1508	ME_M1582	ME_M1508
36	22	0.005	M1592	M1508	ME_M1592	ME_M1508
37	22	0.005	M1599	M1508	ME_M1599	ME_M1508
38	22	0.002	M1640	M1508	ME_M1640	ME_M1508
39	22	0.003	M1643	M1508	ME_M1643	ME_M1508
40	22	0.0255	M1644	M1508	ME_M1644	ME_M1508
41	22	0.001	M1649	M1508	ME_M1649	ME_M1508
42	22	0.002	M1650	M1508	ME_M1650	ME_M1508
43	22	0.0175	M1654	M1508	ME_M1654	ME_M1508
44	22	0.0125	M1710	M1508	ME_M1710	ME_M1508
45	22	0.008	M1823	M1508	ME_M1823	ME_M1508
46	22	0.023	M1849	M1508	ME_M1849	ME_M1508
47	22	0.018	M1861	M1508	ME_M1861	ME_M1508
48	22	0.0055	M187	M1508	ME_M187	ME_M1508
49	22	0.003	M188	M1508	ME_M188	ME_M1508
51	22	0.001	M1903	M1508	ME_M1903	ME_M1508
53	22	0.003	M191	M1508	ME_M191	ME_M1508
54	22	0.1835	M1918	M1508	ME_M1918	ME_M1508
55	22	0.0015	M192	M1508	ME_M192	ME_M1508
56	22	0.005	M193	M1508	ME_M193	ME_M1508
57	22	0.004	M1969	M1508	ME_M1969	ME_M1508
58	22	0.0045	M2198	M1508	ME_M2198	ME_M1508
59	22	0.003	M229	M1508	ME_M229	ME_M1508
60	22	0.01	M34	M1508	ME_M34	ME_M1508
61	22	0.3425	M376	M1508	ME_M376	ME_M1508
62	22	0.006	M38	M1508	ME_M38	ME_M1508
63	22	0.0045	M396	M1508	ME_M396	ME_M1508
64	22	0.2035	M56	M1508	ME_M56	ME_M1508
65	22	0.0025	M59	M1508	ME_M59	ME_M1508
66	22	0.003	M635	M1508	ME_M635	ME_M1508
67	22	0.0175	M637	M1508	ME_M637	ME_M1508
69	22	0.014	M65	M1508	ME_M65	ME_M1508
70	22	0.015	M660	M1508	ME_M660	ME_M1508
71	22	0.0265	M68	M1508	ME_M68	ME_M1508
72	22	0.0055	M736	M1508	ME_M736	ME_M1508
73	22	0.001	M737	M1508	ME_M737	ME_M1508
74	22	0.001	M742	M1508	ME_M742	ME_M1508
75	22	0.0065	M744	M1508	ME_M744	ME_M1508
76	22	0.012	M883	M1508	ME_M883	ME_M1508
77	22	0.0055	M91	M1508	ME_M91	ME_M1508
78	22	0.0305	M92	M1508	ME_M92	ME_M1508
79	22	0.0135	M93	M1508	ME_M93	ME_M1508
80	22	0.0005	M936	M1508	ME_M936	ME_M1508
1	23	0.001	M1024	M1509	ME_M1024	ME_M1509
2	23	0.0255	M1046	M1509	ME_M1046	ME_M1509
3	23	0.0045	M1115	M1509	ME_M1115	ME_M1509
4	23	0.004	M1158	M1509	ME_M1158	ME_M1509
5	23	0.005	M1196	M1509	ME_M1196	ME_M1509
6	23	0.005	M1198	M1509	ME_M1198	ME_M1509
7	23	0.0025	M1206	M1509	ME_M1206	ME_M1509
8	23	0.0075	M1263	M1509	ME_M1263	ME_M1509
9	23	0.0075	M1304	M1509	ME_M1304	ME_M1509
10	23	0.0015	M1308	M1509	ME_M1308	ME_M1509
11	23	0.001	M1313	M1509	ME_M1313	ME_M1509
12	23	0.004	M1314	M1509	ME_M1314	ME_M1509
13	23	0.6745	M1317	M1509	ME_M1317	ME_M1509
14	23	0.0075	M1403	M1509	ME_M1403	ME_M1509
15	23	0.017	M1405	M1509	ME_M1405	ME_M1509
16	23	0.092	M144	M1509	ME_M144	ME_M1509
17	23	0.0105	M1460	M1509	ME_M1460	ME_M1509
18	23	0.008	M1464	M1509	ME_M1464	ME_M1509
19	23	0.117	M1477	M1509	ME_M1477	ME_M1509
20	23	0.321	M1505	M1509	ME_M1505	ME_M1509
21	23	0.021	M1506	M1509	ME_M1506	ME_M1509
22	23	0.5875	M1508	M1509	ME_M1508	ME_M1509
24	23	0.3565	M1510	M1509	ME_M1510	ME_M1509
26	23	0.1205	M154	M1509	ME_M154	ME_M1509
27	23	0.0015	M1543	M1509	ME_M1543	ME_M1509
28	23	0.002	M1547	M1509	ME_M1547	ME_M1509
29	23	0.006	M1548	M1509	ME_M1548	ME_M1509
30	23	0.0685	M1556	M1509	ME_M1556	ME_M1509
31	23	0.0125	M1557	M1509	ME_M1557	ME_M1509
32	23	0.0055	M1564	M1509	ME_M1564	ME_M1509
33	23	0.0035	M1572	M1509	ME_M1572	ME_M1509
34	23	0.057	M158	M1509	ME_M158	ME_M1509
35	23	0.0015	M1582	M1509	ME_M1582	ME_M1509
36	23	0.003	M1592	M1509	ME_M1592	ME_M1509
37	23	0.0055	M1599	M1509	ME_M1599	ME_M1509
38	23	0.005	M1640	M1509	ME_M1640	ME_M1509
39	23	0.0065	M1643	M1509	ME_M1643	ME_M1509
40	23	0.0075	M1644	M1509	ME_M1644	ME_M1509
41	23	0.0005	M1649	M1509	ME_M1649	ME_M1509
42	23	0.0085	M1650	M1509	ME_M1650	ME_M1509
43	23	0.0405	M1654	M1509	ME_M1654	ME_M1509
44	23	0.0055	M1710	M1509	ME_M1710	ME_M1509
45	23	0.0115	M1823	M1509	ME_M1823	ME_M1509
46	23	0.009	M1849	M1509	ME_M1849	ME_M1509
47	23	0.014	M1861	M1509	ME_M1861	ME_M1509
48	23	0.01	M187	M1509	ME_M187	ME_M1509
49	23	0.0025	M188	M1509	ME_M188	ME_M1509
50	23	0.0055	M189	M1509	ME_M189	ME_M1509
51	23	0.001	M1903	M1509	ME_M1903	ME_M1509
52	23	0.0005	M1904	M1509	ME_M1904	ME_M1509
53	23	0.007	M191	M1509	ME_M191	ME_M1509
54	23	0.014	M1918	M1509	ME_M1918	ME_M1509
55	23	0.003	M192	M1509	ME_M192	ME_M1509
56	23	0.0045	M193	M1509	ME_M193	ME_M1509
57	23	0.003	M1969	M1509	ME_M1969	ME_M1509
58	23	0.003	M2198	M1509	ME_M2198	ME_M1509
59	23	0.0035	M229	M1509	ME_M229	ME_M1509
60	23	0.0135	M34	M1509	ME_M34	ME_M1509
61	23	0.014	M376	M1509	ME_M376	ME_M1509
62	23	0.0045	M38	M1509	ME_M38	ME_M1509
63	23	0.0015	M396	M1509	ME_M396	ME_M1509
64	23	0.0145	M56	M1509	ME_M56	ME_M1509
65	23	0.011	M59	M1509	ME_M59	ME_M1509
66	23	0.0105	M635	M1509	ME_M635	ME_M1509
67	23	0.0075	M637	M1509	ME_M637	ME_M1509
68	23	0.0025	M644	M1509	ME_M644	ME_M1509
69	23	0.011	M65	M1509	ME_M65	ME_M1509
70	23	0.004	M660	M1509	ME_M660	ME_M1509
71	23	0.008	M68	M1509	ME_M68	ME_M1509
72	23	0.0045	M736	M1509	ME_M736	ME_M1509
73	23	0.002	M737	M1509	ME_M737	ME_M1509
74	23	0.001	M742	M1509	ME_M742	ME_M1509
75	23	0.0015	M744	M1509	ME_M744	ME_M1509
76	23	0.01	M883	M1509	ME_M883	ME_M1509
77	23	0.005	M91	M1509	ME_M91	ME_M1509
78	23	0.0175	M92	M1509	ME_M92	ME_M1509
79	23	0.011	M93	M1509	ME_M93	ME_M1509
80	23	0.002	M936	M1509	ME_M936	ME_M1509
2	24	0.017	M1046	M1510	ME_M1046	ME_M1510
3	24	0.002	M1115	M1510	ME_M1115	ME_M1510
4	24	0.0045	M1158	M1510	ME_M1158	ME_M1510
5	24	0.005	M1196	M1510	ME_M1196	ME_M1510
6	24	0.005	M1198	M1510	ME_M1198	ME_M1510
7	24	0.002	M1206	M1510	ME_M1206	ME_M1510
8	24	0.035	M1263	M1510	ME_M1263	ME_M1510
9	24	0.057	M1304	M1510	ME_M1304	ME_M1510
10	24	0.0005	M1308	M1510	ME_M1308	ME_M1510
12	24	0.0055	M1314	M1510	ME_M1314	ME_M1510
13	24	0.0145	M1317	M1510	ME_M1317	ME_M1510
14	24	0.009	M1403	M1510	ME_M1403	ME_M1510
15	24	0.232	M1405	M1510	ME_M1405	ME_M1510
16	24	0.0195	M144	M1510	ME_M144	ME_M1510
17	24	0.036	M1460	M1510	ME_M1460	ME_M1510
18	24	0.1475	M1464	M1510	ME_M1464	ME_M1510
19	24	0.0805	M1477	M1510	ME_M1477	ME_M1510
20	24	0.3175	M1505	M1510	ME_M1505	ME_M1510
21	24	0.012	M1506	M1510	ME_M1506	ME_M1510
22	24	0.1535	M1508	M1510	ME_M1508	ME_M1510
23	24	0.461	M1509	M1510	ME_M1509	ME_M1510
25	24	0.0005	M1537	M1510	ME_M1537	ME_M1510
26	24	0.008	M154	M1510	ME_M154	ME_M1510
27	24	0.0005	M1543	M1510	ME_M1543	ME_M1510
28	24	0.0015	M1547	M1510	ME_M1547	ME_M1510
29	24	0.006	M1548	M1510	ME_M1548	ME_M1510
30	24	0.0175	M1556	M1510	ME_M1556	ME_M1510
31	24	0.0065	M1557	M1510	ME_M1557	ME_M1510
32	24	0.0015	M1564	M1510	ME_M1564	ME_M1510
33	24	0.0045	M1572	M1510	ME_M1572	ME_M1510
34	24	0.0505	M158	M1510	ME_M158	ME_M1510
35	24	0.0015	M1582	M1510	ME_M1582	ME_M1510
36	24	0.021	M1592	M1510	ME_M1592	ME_M1510
37	24	0.002	M1599	M1510	ME_M1599	ME_M1510
38	24	0.004	M1640	M1510	ME_M1640	ME_M1510
39	24	0.0005	M1643	M1510	ME_M1643	ME_M1510
40	24	0.0135	M1644	M1510	ME_M1644	ME_M1510
42	24	0.003	M1650	M1510	ME_M1650	ME_M1510
43	24	0.083	M1654	M1510	ME_M1654	ME_M1510
44	24	0.0055	M1710	M1510	ME_M1710	ME_M1510
45	24	0.0065	M1823	M1510	ME_M1823	ME_M1510
46	24	0.4525	M1849	M1510	ME_M1849	ME_M1510
47	24	0.0045	M1861	M1510	ME_M1861	ME_M1510
48	24	0.0815	M187	M1510	ME_M187	ME_M1510
49	24	0.01	M188	M1510	ME_M188	ME_M1510
50	24	0.0545	M189	M1510	ME_M189	ME_M1510
51	24	0.001	M1903	M1510	ME_M1903	ME_M1510
52	24	0.0015	M1904	M1510	ME_M1904	ME_M1510
53	24	0.0035	M191	M1510	ME_M191	ME_M1510
54	24	0.0065	M1918	M1510	ME_M1918	ME_M1510
55	24	0.001	M192	M1510	ME_M192	ME_M1510
56	24	0.0085	M193	M1510	ME_M193	ME_M1510
57	24	0.001	M1969	M1510	ME_M1969	ME_M1510
58	24	0.012	M2198	M1510	ME_M2198	ME_M1510
59	24	0.0065	M229	M1510	ME_M229	ME_M1510
60	24	0.008	M34	M1510	ME_M34	ME_M1510
61	24	0.0675	M376	M1510	ME_M376	ME_M1510
62	24	0.003	M38	M1510	ME_M38	ME_M1510
63	24	0.0035	M396	M1510	ME_M396	ME_M1510
64	24	0.0235	M56	M1510	ME_M56	ME_M1510
65	24	0.0045	M59	M1510	ME_M59	ME_M1510
66	24	0.0155	M635	M1510	ME_M635	ME_M1510
67	24	0.014	M637	M1510	ME_M637	ME_M1510
68	24	0.0025	M644	M1510	ME_M644	ME_M1510
69	24	0.0085	M65	M1510	ME_M65	ME_M1510
70	24	0.102	M660	M1510	ME_M660	ME_M1510
71	24	0.016	M68	M1510	ME_M68	ME_M1510
72	24	0.005	M736	M1510	ME_M736	ME_M1510
73	24	0.005	M737	M1510	ME_M737	ME_M1510
74	24	0.004	M742	M1510	ME_M742	ME_M1510
75	24	0.005	M744	M1510	ME_M744	ME_M1510
76	24	0.0315	M883	M1510	ME_M883	ME_M1510
77	24	0.0065	M91	M1510	ME_M91	ME_M1510
78	24	0.05	M92	M1510	ME_M92	ME_M1510
79	24	0.0065	M93	M1510	ME_M93	ME_M1510
80	24	0.0055	M936	M1510	ME_M936	ME_M1510
1	25	0.015	M1024	M1537	ME_M1024	ME_M1537
2	25	0.031	M1046	M1537	ME_M1046	ME_M1537
3	25	0.0065	M1115	M1537	ME_M1115	ME_M1537
4	25	0.006	M1158	M1537	ME_M1158	ME_M1537
5	25	0.0185	M1196	M1537	ME_M1196	ME_M1537
6	25	0.103	M1198	M1537	ME_M1198	ME_M1537
7	25	0.008	M1206	M1537	ME_M1206	ME_M1537
8	25	0.053	M1263	M1537	ME_M1263	ME_M1537
9	25	0.025	M1304	M1537	ME_M1304	ME_M1537
10	25	0.0025	M1308	M1537	ME_M1308	ME_M1537
11	25	0.009	M1313	M1537	ME_M1313	ME_M1537
12	25	0.0025	M1314	M1537	ME_M1314	ME_M1537
13	25	0.0045	M1317	M1537	ME_M1317	ME_M1537
14	25	0.019	M1403	M1537	ME_M1403	ME_M1537
15	25	0.0035	M1405	M1537	ME_M1405	ME_M1537
16	25	0.01	M144	M1537	ME_M144	ME_M1537
17	25	0.206	M1460	M1537	ME_M1460	ME_M1537
18	25	0.1695	M1464	M1537	ME_M1464	ME_M1537
19	25	0.2585	M1477	M1537	ME_M1477	ME_M1537
20	25	0.006	M1505	M1537	ME_M1505	ME_M1537
21	25	0.006	M1506	M1537	ME_M1506	ME_M1537
22	25	0.0095	M1508	M1537	ME_M1508	ME_M1537
23	25	0.0105	M1509	M1537	ME_M1509	ME_M1537
24	25	0.0055	M1510	M1537	ME_M1510	ME_M1537
26	25	0.01	M154	M1537	ME_M154	ME_M1537
27	25	0.0215	M1543	M1537	ME_M1543	ME_M1537
28	25	0.005	M1547	M1537	ME_M1547	ME_M1537
29	25	0.1765	M1548	M1537	ME_M1548	ME_M1537
30	25	0.032	M1556	M1537	ME_M1556	ME_M1537
31	25	0.138	M1557	M1537	ME_M1557	ME_M1537
32	25	0.6585	M1564	M1537	ME_M1564	ME_M1537
33	25	0.0025	M1572	M1537	ME_M1572	ME_M1537
34	25	0.011	M158	M1537	ME_M158	ME_M1537
35	25	0.0205	M1582	M1537	ME_M1582	ME_M1537
36	25	0.004	M1592	M1537	ME_M1592	ME_M1537
37	25	0.011	M1599	M1537	ME_M1599	ME_M1537
38	25	0.0235	M1640	M1537	ME_M1640	ME_M1537
39	25	0.003	M1643	M1537	ME_M1643	ME_M1537
40	25	0.0085	M1644	M1537	ME_M1644	ME_M1537
41	25	0.0035	M1649	M1537	ME_M1649	ME_M1537
42	25	0.0045	M1650	M1537	ME_M1650	ME_M1537
43	25	0.008	M1654	M1537	ME_M1654	ME_M1537
44	25	0.023	M1710	M1537	ME_M1710	ME_M1537
45	25	0.028	M1823	M1537	ME_M1823	ME_M1537
46	25	0.014	M1849	M1537	ME_M1849	ME_M1537
47	25	0.0025	M1861	M1537	ME_M1861	ME_M1537
48	25	0.0085	M187	M1537	ME_M187	ME_M1537
49	25	0.003	M188	M1537	ME_M188	ME_M1537
50	25	0.004	M189	M1537	ME_M189	ME_M1537
51	25	0.005	M1903	M1537	ME_M1903	ME_M1537
52	25	0.0045	M1904	M1537	ME_M1904	ME_M1537
53	25	0.005	M191	M1537	ME_M191	ME_M1537
54	25	0.0375	M1918	M1537	ME_M1918	ME_M1537
55	25	0.007	M192	M1537	ME_M192	ME_M1537
56	25	0.011	M193	M1537	ME_M193	ME_M1537
57	25	0.0095	M1969	M1537	ME_M1969	ME_M1537
58	25	0.0205	M2198	M1537	ME_M2198	ME_M1537
59	25	0.0055	M229	M1537	ME_M229	ME_M1537
60	25	0.01	M34	M1537	ME_M34	ME_M1537
61	25	0.007	M376	M1537	ME_M376	ME_M1537
62	25	0.003	M38	M1537	ME_M38	ME_M1537
63	25	0.003	M396	M1537	ME_M396	ME_M1537
64	25	0.0175	M56	M1537	ME_M56	ME_M1537
65	25	0.03	M59	M1537	ME_M59	ME_M1537
66	25	0.0105	M635	M1537	ME_M635	ME_M1537
67	25	0.053	M637	M1537	ME_M637	ME_M1537
68	25	0.0095	M644	M1537	ME_M644	ME_M1537
69	25	0.192	M65	M1537	ME_M65	ME_M1537
70	25	0.0835	M660	M1537	ME_M660	ME_M1537
71	25	0.012	M68	M1537	ME_M68	ME_M1537
72	25	0.0035	M736	M1537	ME_M736	ME_M1537
73	25	0.0065	M737	M1537	ME_M737	ME_M1537
74	25	0.009	M742	M1537	ME_M742	ME_M1537
75	25	0.0015	M744	M1537	ME_M744	ME_M1537
76	25	0.019	M883	M1537	ME_M883	ME_M1537
77	25	0.0095	M91	M1537	ME_M91	ME_M1537
78	25	0.012	M92	M1537	ME_M92	ME_M1537
79	25	0.0185	M93	M1537	ME_M93	ME_M1537
80	25	0.093	M936	M1537	ME_M936	ME_M1537
1	26	0.001	M1024	M154	ME_M1024	ME_M154
2	26	0.0125	M1046	M154	ME_M1046	ME_M154
3	26	0.002	M1115	M154	ME_M1115	ME_M154
4	26	0.002	M1158	M154	ME_M1158	ME_M154
5	26	0.0055	M1196	M154	ME_M1196	ME_M154
6	26	0.0105	M1198	M154	ME_M1198	ME_M154
7	26	0.0045	M1206	M154	ME_M1206	ME_M154
8	26	0.003	M1263	M154	ME_M1263	ME_M154
9	26	0.007	M1304	M154	ME_M1304	ME_M154
11	26	0.0025	M1313	M154	ME_M1313	ME_M154
12	26	0.0015	M1314	M154	ME_M1314	ME_M154
13	26	0.368	M1317	M154	ME_M1317	ME_M154
14	26	0.0055	M1403	M154	ME_M1403	ME_M154
15	26	0.0125	M1405	M154	ME_M1405	ME_M154
16	26	0.05	M144	M154	ME_M144	ME_M154
17	26	0.174	M1460	M154	ME_M1460	ME_M154
18	26	0.011	M1464	M154	ME_M1464	ME_M154
19	26	0.027	M1477	M154	ME_M1477	ME_M154
20	26	0.0185	M1505	M154	ME_M1505	ME_M154
21	26	0.011	M1506	M154	ME_M1506	ME_M154
22	26	0.104	M1508	M154	ME_M1508	ME_M154
23	26	0.042	M1509	M154	ME_M1509	ME_M154
24	26	0.01	M1510	M154	ME_M1510	ME_M154
27	26	0.0085	M1543	M154	ME_M1543	ME_M154
28	26	0.003	M1547	M154	ME_M1547	ME_M154
29	26	0.0015	M1548	M154	ME_M1548	ME_M154
30	26	0.0085	M1556	M154	ME_M1556	ME_M154
31	26	0.246	M1557	M154	ME_M1557	ME_M154
32	26	0.0045	M1564	M154	ME_M1564	ME_M154
34	26	0.5705	M158	M154	ME_M158	ME_M154
35	26	0.003	M1582	M154	ME_M1582	ME_M154
36	26	0.007	M1592	M154	ME_M1592	ME_M154
37	26	0.002	M1599	M154	ME_M1599	ME_M154
38	26	0.003	M1640	M154	ME_M1640	ME_M154
39	26	0.005	M1643	M154	ME_M1643	ME_M154
40	26	0.0055	M1644	M154	ME_M1644	ME_M154
42	26	0.001	M1650	M154	ME_M1650	ME_M154
43	26	0.02	M1654	M154	ME_M1654	ME_M154
44	26	0.0085	M1710	M154	ME_M1710	ME_M154
45	26	0.012	M1823	M154	ME_M1823	ME_M154
46	26	0.0325	M1849	M154	ME_M1849	ME_M154
47	26	0.093	M1861	M154	ME_M1861	ME_M154
48	26	0.0065	M187	M154	ME_M187	ME_M154
49	26	0.0085	M188	M154	ME_M188	ME_M154
50	26	0.003	M189	M154	ME_M189	ME_M154
52	26	0.0005	M1904	M154	ME_M1904	ME_M154
53	26	0.006	M191	M154	ME_M191	ME_M154
54	26	0.088	M1918	M154	ME_M1918	ME_M154
55	26	0.003	M192	M154	ME_M192	ME_M154
56	26	0.02	M193	M154	ME_M193	ME_M154
57	26	0.006	M1969	M154	ME_M1969	ME_M154
58	26	0.001	M2198	M154	ME_M2198	ME_M154
59	26	0.004	M229	M154	ME_M229	ME_M154
60	26	0.017	M34	M154	ME_M34	ME_M154
61	26	0.031	M376	M154	ME_M376	ME_M154
62	26	0.0085	M38	M154	ME_M38	ME_M154
63	26	0.002	M396	M154	ME_M396	ME_M154
64	26	0.209	M56	M154	ME_M56	ME_M154
65	26	0.0165	M59	M154	ME_M59	ME_M154
66	26	0.028	M635	M154	ME_M635	ME_M154
67	26	0.0285	M637	M154	ME_M637	ME_M154
68	26	0.0005	M644	M154	ME_M644	ME_M154
69	26	0.0105	M65	M154	ME_M65	ME_M154
70	26	0.0235	M660	M154	ME_M660	ME_M154
71	26	0.025	M68	M154	ME_M68	ME_M154
72	26	0.0025	M736	M154	ME_M736	ME_M154
73	26	0.0015	M737	M154	ME_M737	ME_M154
75	26	0.0005	M744	M154	ME_M744	ME_M154
76	26	0.0165	M883	M154	ME_M883	ME_M154
77	26	0.0095	M91	M154	ME_M91	ME_M154
78	26	0.0775	M92	M154	ME_M92	ME_M154
79	26	0.237	M93	M154	ME_M93	ME_M154
80	26	0.0055	M936	M154	ME_M936	ME_M154
1	27	0.005	M1024	M1543	ME_M1024	ME_M1543
2	27	0.2895	M1046	M1543	ME_M1046	ME_M1543
3	27	0.0065	M1115	M1543	ME_M1115	ME_M1543
4	27	0.008	M1158	M1543	ME_M1158	ME_M1543
5	27	0.0305	M1196	M1543	ME_M1196	ME_M1543
6	27	0.0165	M1198	M1543	ME_M1198	ME_M1543
7	27	0.007	M1206	M1543	ME_M1206	ME_M1543
8	27	0.005	M1263	M1543	ME_M1263	ME_M1543
9	27	0.021	M1304	M1543	ME_M1304	ME_M1543
10	27	0.001	M1308	M1543	ME_M1308	ME_M1543
12	27	0.0025	M1314	M1543	ME_M1314	ME_M1543
13	27	0.0155	M1317	M1543	ME_M1317	ME_M1543
14	27	0.197	M1403	M1543	ME_M1403	ME_M1543
15	27	0.007	M1405	M1543	ME_M1405	ME_M1543
16	27	0.0315	M144	M1543	ME_M144	ME_M1543
17	27	0.0235	M1460	M1543	ME_M1460	ME_M1543
18	27	0.028	M1464	M1543	ME_M1464	ME_M1543
19	27	0.005	M1477	M1543	ME_M1477	ME_M1543
20	27	0.0195	M1505	M1543	ME_M1505	ME_M1543
21	27	0.007	M1506	M1543	ME_M1506	ME_M1543
22	27	0.0185	M1508	M1543	ME_M1508	ME_M1543
23	27	0.0085	M1509	M1543	ME_M1509	ME_M1543
24	27	0.019	M1510	M1543	ME_M1510	ME_M1543
25	27	0.012	M1537	M1543	ME_M1537	ME_M1543
26	27	0.0625	M154	M1543	ME_M154	ME_M1543
28	27	0.0015	M1547	M1543	ME_M1547	ME_M1543
29	27	0.0375	M1548	M1543	ME_M1548	ME_M1543
30	27	0.406	M1556	M1543	ME_M1556	ME_M1543
31	27	0.024	M1557	M1543	ME_M1557	ME_M1543
32	27	0.0285	M1564	M1543	ME_M1564	ME_M1543
33	27	0.0005	M1572	M1543	ME_M1572	ME_M1543
34	27	0.028	M158	M1543	ME_M158	ME_M1543
35	27	0.0075	M1582	M1543	ME_M1582	ME_M1543
36	27	0.005	M1592	M1543	ME_M1592	ME_M1543
37	27	0.0355	M1599	M1543	ME_M1599	ME_M1543
38	27	0.234	M1640	M1543	ME_M1640	ME_M1543
39	27	0.002	M1643	M1543	ME_M1643	ME_M1543
40	27	0.01	M1644	M1543	ME_M1644	ME_M1543
41	27	0.02	M1649	M1543	ME_M1649	ME_M1543
42	27	0.0635	M1650	M1543	ME_M1650	ME_M1543
43	27	0.0105	M1654	M1543	ME_M1654	ME_M1543
44	27	0.0045	M1710	M1543	ME_M1710	ME_M1543
45	27	0.0425	M1823	M1543	ME_M1823	ME_M1543
46	27	0.0145	M1849	M1543	ME_M1849	ME_M1543
47	27	0.0025	M1861	M1543	ME_M1861	ME_M1543
48	27	0.009	M187	M1543	ME_M187	ME_M1543
49	27	0.0045	M188	M1543	ME_M188	ME_M1543
50	27	0.1455	M189	M1543	ME_M189	ME_M1543
53	27	0.0045	M191	M1543	ME_M191	ME_M1543
54	27	0.0285	M1918	M1543	ME_M1918	ME_M1543
55	27	0.0155	M192	M1543	ME_M192	ME_M1543
56	27	0.022	M193	M1543	ME_M193	ME_M1543
57	27	0.0135	M1969	M1543	ME_M1969	ME_M1543
58	27	0.0105	M2198	M1543	ME_M2198	ME_M1543
60	27	0.004	M34	M1543	ME_M34	ME_M1543
61	27	0.004	M376	M1543	ME_M376	ME_M1543
62	27	0.0035	M38	M1543	ME_M38	ME_M1543
63	27	0.0045	M396	M1543	ME_M396	ME_M1543
64	27	0.01	M56	M1543	ME_M56	ME_M1543
65	27	0.027	M59	M1543	ME_M59	ME_M1543
66	27	0.013	M635	M1543	ME_M635	ME_M1543
67	27	0.008	M637	M1543	ME_M637	ME_M1543
68	27	0.0075	M644	M1543	ME_M644	ME_M1543
69	27	0.0125	M65	M1543	ME_M65	ME_M1543
70	27	0.2745	M660	M1543	ME_M660	ME_M1543
71	27	0.007	M68	M1543	ME_M68	ME_M1543
72	27	0.0025	M736	M1543	ME_M736	ME_M1543
73	27	0.002	M737	M1543	ME_M737	ME_M1543
74	27	0.0005	M742	M1543	ME_M742	ME_M1543
75	27	0.001	M744	M1543	ME_M744	ME_M1543
76	27	0.007	M883	M1543	ME_M883	ME_M1543
77	27	0.293	M91	M1543	ME_M91	ME_M1543
78	27	0.0985	M92	M1543	ME_M92	ME_M1543
79	27	0.0315	M93	M1543	ME_M93	ME_M1543
80	27	0.038	M936	M1543	ME_M936	ME_M1543
1	28	0.0075	M1024	M1547	ME_M1024	ME_M1547
2	28	0.01	M1046	M1547	ME_M1046	ME_M1547
3	28	0.011	M1115	M1547	ME_M1115	ME_M1547
4	28	0.0955	M1158	M1547	ME_M1158	ME_M1547
5	28	0.0495	M1196	M1547	ME_M1196	ME_M1547
6	28	0.0535	M1198	M1547	ME_M1198	ME_M1547
7	28	0.0225	M1206	M1547	ME_M1206	ME_M1547
8	28	0.024	M1263	M1547	ME_M1263	ME_M1547
9	28	0.007	M1304	M1547	ME_M1304	ME_M1547
10	28	0.01	M1308	M1547	ME_M1308	ME_M1547
11	28	0.02	M1313	M1547	ME_M1313	ME_M1547
12	28	0.0175	M1314	M1547	ME_M1314	ME_M1547
13	28	0.02	M1317	M1547	ME_M1317	ME_M1547
14	28	0.021	M1403	M1547	ME_M1403	ME_M1547
15	28	0.0345	M1405	M1547	ME_M1405	ME_M1547
16	28	0.045	M144	M1547	ME_M144	ME_M1547
17	28	0.0895	M1460	M1547	ME_M1460	ME_M1547
18	28	0.023	M1464	M1547	ME_M1464	ME_M1547
19	28	0.0255	M1477	M1547	ME_M1477	ME_M1547
20	28	0.0315	M1505	M1547	ME_M1505	ME_M1547
21	28	0.0295	M1506	M1547	ME_M1506	ME_M1547
22	28	0.0255	M1508	M1547	ME_M1508	ME_M1547
23	28	0.036	M1509	M1547	ME_M1509	ME_M1547
24	28	0.017	M1510	M1547	ME_M1510	ME_M1547
25	28	0.091	M1537	M1547	ME_M1537	ME_M1547
26	28	0.073	M154	M1547	ME_M154	ME_M1547
27	28	0.006	M1543	M1547	ME_M1543	ME_M1547
29	28	0.02	M1548	M1547	ME_M1548	ME_M1547
30	28	0.03	M1556	M1547	ME_M1556	ME_M1547
31	28	0.0215	M1557	M1547	ME_M1557	ME_M1547
32	28	0.029	M1564	M1547	ME_M1564	ME_M1547
33	28	0.012	M1572	M1547	ME_M1572	ME_M1547
34	28	0.648	M158	M1547	ME_M158	ME_M1547
35	28	0.0065	M1582	M1547	ME_M1582	ME_M1547
36	28	0.045	M1592	M1547	ME_M1592	ME_M1547
37	28	0.0085	M1599	M1547	ME_M1599	ME_M1547
38	28	0.007	M1640	M1547	ME_M1640	ME_M1547
39	28	0.008	M1643	M1547	ME_M1643	ME_M1547
40	28	0.012	M1644	M1547	ME_M1644	ME_M1547
41	28	0.01	M1649	M1547	ME_M1649	ME_M1547
42	28	0.007	M1650	M1547	ME_M1650	ME_M1547
43	28	0.025	M1654	M1547	ME_M1654	ME_M1547
44	28	0.0265	M1710	M1547	ME_M1710	ME_M1547
45	28	0.033	M1823	M1547	ME_M1823	ME_M1547
46	28	0.041	M1849	M1547	ME_M1849	ME_M1547
47	28	0.0435	M1861	M1547	ME_M1861	ME_M1547
48	28	0.036	M187	M1547	ME_M187	ME_M1547
49	28	0.0045	M188	M1547	ME_M188	ME_M1547
50	28	0.0235	M189	M1547	ME_M189	ME_M1547
51	28	0.005	M1903	M1547	ME_M1903	ME_M1547
52	28	0.131	M1904	M1547	ME_M1904	ME_M1547
53	28	0.005	M191	M1547	ME_M191	ME_M1547
54	28	0.0865	M1918	M1547	ME_M1918	ME_M1547
55	28	0.0395	M192	M1547	ME_M192	ME_M1547
56	28	0.012	M193	M1547	ME_M193	ME_M1547
57	28	0.0085	M1969	M1547	ME_M1969	ME_M1547
58	28	0.071	M2198	M1547	ME_M2198	ME_M1547
59	28	0.117	M229	M1547	ME_M229	ME_M1547
60	28	0.015	M34	M1547	ME_M34	ME_M1547
61	28	0.0255	M376	M1547	ME_M376	ME_M1547
62	28	0.005	M38	M1547	ME_M38	ME_M1547
63	28	0.028	M396	M1547	ME_M396	ME_M1547
64	28	0.0985	M56	M1547	ME_M56	ME_M1547
65	28	0.0515	M59	M1547	ME_M59	ME_M1547
66	28	0.006	M635	M1547	ME_M635	ME_M1547
67	28	0.013	M637	M1547	ME_M637	ME_M1547
68	28	0.01	M644	M1547	ME_M644	ME_M1547
69	28	0.0075	M65	M1547	ME_M65	ME_M1547
70	28	0.028	M660	M1547	ME_M660	ME_M1547
71	28	0.0105	M68	M1547	ME_M68	ME_M1547
72	28	0.029	M736	M1547	ME_M736	ME_M1547
73	28	0.004	M737	M1547	ME_M737	ME_M1547
74	28	0.0175	M742	M1547	ME_M742	ME_M1547
75	28	0.004	M744	M1547	ME_M744	ME_M1547
76	28	0.0255	M883	M1547	ME_M883	ME_M1547
77	28	0.033	M91	M1547	ME_M91	ME_M1547
78	28	0.0205	M92	M1547	ME_M92	ME_M1547
79	28	0.0085	M93	M1547	ME_M93	ME_M1547
80	28	0.01	M936	M1547	ME_M936	ME_M1547
1	29	0.001	M1024	M1548	ME_M1024	ME_M1548
2	29	0.004	M1046	M1548	ME_M1046	ME_M1548
4	29	0.009	M1158	M1548	ME_M1158	ME_M1548
5	29	0.026	M1196	M1548	ME_M1196	ME_M1548
6	29	0.0115	M1198	M1548	ME_M1198	ME_M1548
7	29	0.0045	M1206	M1548	ME_M1206	ME_M1548
8	29	0.0055	M1263	M1548	ME_M1263	ME_M1548
9	29	0.01	M1304	M1548	ME_M1304	ME_M1548
10	29	0.0005	M1308	M1548	ME_M1308	ME_M1548
11	29	0.002	M1313	M1548	ME_M1313	ME_M1548
13	29	0.0115	M1317	M1548	ME_M1317	ME_M1548
14	29	0.0035	M1403	M1548	ME_M1403	ME_M1548
15	29	0.007	M1405	M1548	ME_M1405	ME_M1548
16	29	0.0095	M144	M1548	ME_M144	ME_M1548
17	29	0.007	M1460	M1548	ME_M1460	ME_M1548
18	29	0.0025	M1464	M1548	ME_M1464	ME_M1548
19	29	0.1125	M1477	M1548	ME_M1477	ME_M1548
20	29	0.011	M1505	M1548	ME_M1505	ME_M1548
21	29	0.031	M1506	M1548	ME_M1506	ME_M1548
22	29	0.0095	M1508	M1548	ME_M1508	ME_M1548
23	29	0.008	M1509	M1548	ME_M1509	ME_M1548
24	29	0.004	M1510	M1548	ME_M1510	ME_M1548
25	29	0.007	M1537	M1548	ME_M1537	ME_M1548
26	29	0.0075	M154	M1548	ME_M154	ME_M1548
27	29	0.0095	M1543	M1548	ME_M1543	ME_M1548
28	29	0.001	M1547	M1548	ME_M1547	ME_M1548
30	29	0.004	M1556	M1548	ME_M1556	ME_M1548
31	29	0.012	M1557	M1548	ME_M1557	ME_M1548
32	29	0.0085	M1564	M1548	ME_M1564	ME_M1548
33	29	0.001	M1572	M1548	ME_M1572	ME_M1548
34	29	0.0205	M158	M1548	ME_M158	ME_M1548
35	29	0.0015	M1582	M1548	ME_M1582	ME_M1548
36	29	0.001	M1592	M1548	ME_M1592	ME_M1548
37	29	0.0015	M1599	M1548	ME_M1599	ME_M1548
39	29	0.001	M1643	M1548	ME_M1643	ME_M1548
40	29	0.0225	M1644	M1548	ME_M1644	ME_M1548
41	29	0.0015	M1649	M1548	ME_M1649	ME_M1548
42	29	0.004	M1650	M1548	ME_M1650	ME_M1548
43	29	0.007	M1654	M1548	ME_M1654	ME_M1548
44	29	0.782	M1710	M1548	ME_M1710	ME_M1548
45	29	0.436	M1823	M1548	ME_M1823	ME_M1548
46	29	0.0335	M1849	M1548	ME_M1849	ME_M1548
47	29	0.015	M1861	M1548	ME_M1861	ME_M1548
48	29	0.022	M187	M1548	ME_M187	ME_M1548
49	29	0.0185	M188	M1548	ME_M188	ME_M1548
50	29	0.0075	M189	M1548	ME_M189	ME_M1548
51	29	0.0005	M1903	M1548	ME_M1903	ME_M1548
52	29	0.0005	M1904	M1548	ME_M1904	ME_M1548
53	29	0.0025	M191	M1548	ME_M191	ME_M1548
54	29	0.3945	M1918	M1548	ME_M1918	ME_M1548
55	29	0.032	M192	M1548	ME_M192	ME_M1548
56	29	0.002	M193	M1548	ME_M193	ME_M1548
57	29	0.014	M1969	M1548	ME_M1969	ME_M1548
58	29	0.0035	M2198	M1548	ME_M2198	ME_M1548
59	29	0.028	M229	M1548	ME_M229	ME_M1548
60	29	0.0465	M34	M1548	ME_M34	ME_M1548
61	29	0.0235	M376	M1548	ME_M376	ME_M1548
62	29	0.018	M38	M1548	ME_M38	ME_M1548
63	29	0.0015	M396	M1548	ME_M396	ME_M1548
64	29	0.017	M56	M1548	ME_M56	ME_M1548
65	29	0.02	M59	M1548	ME_M59	ME_M1548
66	29	0.0305	M635	M1548	ME_M635	ME_M1548
67	29	0.0155	M637	M1548	ME_M637	ME_M1548
68	29	0.001	M644	M1548	ME_M644	ME_M1548
69	29	0.001	M65	M1548	ME_M65	ME_M1548
70	29	0.415	M660	M1548	ME_M660	ME_M1548
71	29	0.0055	M68	M1548	ME_M68	ME_M1548
72	29	0.0055	M736	M1548	ME_M736	ME_M1548
73	29	0.0035	M737	M1548	ME_M737	ME_M1548
74	29	0.0035	M742	M1548	ME_M742	ME_M1548
75	29	0.002	M744	M1548	ME_M744	ME_M1548
76	29	0.0075	M883	M1548	ME_M883	ME_M1548
77	29	0.0465	M91	M1548	ME_M91	ME_M1548
78	29	0.0325	M92	M1548	ME_M92	ME_M1548
79	29	0.0065	M93	M1548	ME_M93	ME_M1548
80	29	0.003	M936	M1548	ME_M936	ME_M1548
1	30	0.0115	M1024	M1556	ME_M1024	ME_M1556
2	30	0.2325	M1046	M1556	ME_M1046	ME_M1556
3	30	0.0025	M1115	M1556	ME_M1115	ME_M1556
4	30	0.005	M1158	M1556	ME_M1158	ME_M1556
5	30	0.027	M1196	M1556	ME_M1196	ME_M1556
6	30	0.0235	M1198	M1556	ME_M1198	ME_M1556
7	30	0.0205	M1206	M1556	ME_M1206	ME_M1556
8	30	0.0045	M1263	M1556	ME_M1263	ME_M1556
9	30	0.0115	M1304	M1556	ME_M1304	ME_M1556
10	30	0.0035	M1308	M1556	ME_M1308	ME_M1556
11	30	0.001	M1313	M1556	ME_M1313	ME_M1556
12	30	0.0005	M1314	M1556	ME_M1314	ME_M1556
13	30	0.043	M1317	M1556	ME_M1317	ME_M1556
14	30	0.0005	M1403	M1556	ME_M1403	ME_M1556
15	30	0.003	M1405	M1556	ME_M1405	ME_M1556
16	30	0.0065	M144	M1556	ME_M144	ME_M1556
17	30	0.002	M1460	M1556	ME_M1460	ME_M1556
18	30	0.0005	M1464	M1556	ME_M1464	ME_M1556
19	30	0.0065	M1477	M1556	ME_M1477	ME_M1556
20	30	0.0055	M1505	M1556	ME_M1505	ME_M1556
21	30	0.0065	M1506	M1556	ME_M1506	ME_M1556
22	30	0.011	M1508	M1556	ME_M1508	ME_M1556
23	30	0.0005	M1509	M1556	ME_M1509	ME_M1556
24	30	0.003	M1510	M1556	ME_M1510	ME_M1556
25	30	0.0035	M1537	M1556	ME_M1537	ME_M1556
26	30	0.007	M154	M1556	ME_M154	ME_M1556
27	30	0.0095	M1543	M1556	ME_M1543	ME_M1556
28	30	0.0015	M1547	M1556	ME_M1547	ME_M1556
29	30	0.002	M1548	M1556	ME_M1548	ME_M1556
31	30	0.2695	M1557	M1556	ME_M1557	ME_M1556
32	30	0.265	M1564	M1556	ME_M1564	ME_M1556
33	30	0.002	M1572	M1556	ME_M1572	ME_M1556
34	30	0.014	M158	M1556	ME_M158	ME_M1556
35	30	0.0205	M1582	M1556	ME_M1582	ME_M1556
36	30	0.004	M1592	M1556	ME_M1592	ME_M1556
37	30	0.0655	M1599	M1556	ME_M1599	ME_M1556
38	30	0.0015	M1640	M1556	ME_M1640	ME_M1556
39	30	0.0035	M1643	M1556	ME_M1643	ME_M1556
40	30	0.285	M1644	M1556	ME_M1644	ME_M1556
41	30	0.0075	M1649	M1556	ME_M1649	ME_M1556
42	30	0.1045	M1650	M1556	ME_M1650	ME_M1556
43	30	0.1955	M1654	M1556	ME_M1654	ME_M1556
44	30	0.0835	M1710	M1556	ME_M1710	ME_M1556
45	30	0.01	M1823	M1556	ME_M1823	ME_M1556
46	30	0.0095	M1849	M1556	ME_M1849	ME_M1556
47	30	0.039	M1861	M1556	ME_M1861	ME_M1556
48	30	0.013	M187	M1556	ME_M187	ME_M1556
49	30	0.0035	M188	M1556	ME_M188	ME_M1556
50	30	0.0005	M189	M1556	ME_M189	ME_M1556
51	30	0.0005	M1903	M1556	ME_M1903	ME_M1556
52	30	0.0005	M1904	M1556	ME_M1904	ME_M1556
53	30	0.0005	M191	M1556	ME_M191	ME_M1556
54	30	0.078	M1918	M1556	ME_M1918	ME_M1556
55	30	0.001	M192	M1556	ME_M192	ME_M1556
56	30	0.027	M193	M1556	ME_M193	ME_M1556
57	30	0.0045	M1969	M1556	ME_M1969	ME_M1556
58	30	0.2645	M2198	M1556	ME_M2198	ME_M1556
59	30	0.0015	M229	M1556	ME_M229	ME_M1556
60	30	0.003	M34	M1556	ME_M34	ME_M1556
61	30	0.0255	M376	M1556	ME_M376	ME_M1556
62	30	0.001	M38	M1556	ME_M38	ME_M1556
63	30	0.0035	M396	M1556	ME_M396	ME_M1556
64	30	0.0335	M56	M1556	ME_M56	ME_M1556
65	30	0.3435	M59	M1556	ME_M59	ME_M1556
66	30	0.008	M635	M1556	ME_M635	ME_M1556
67	30	0.0165	M637	M1556	ME_M637	ME_M1556
68	30	0.001	M644	M1556	ME_M644	ME_M1556
69	30	0.014	M65	M1556	ME_M65	ME_M1556
70	30	0.013	M660	M1556	ME_M660	ME_M1556
71	30	0.0285	M68	M1556	ME_M68	ME_M1556
72	30	0.0045	M736	M1556	ME_M736	ME_M1556
73	30	0.0035	M737	M1556	ME_M737	ME_M1556
74	30	0.0015	M742	M1556	ME_M742	ME_M1556
76	30	0.065	M883	M1556	ME_M883	ME_M1556
78	30	0.006	M92	M1556	ME_M92	ME_M1556
79	30	0.0045	M93	M1556	ME_M93	ME_M1556
80	30	0.0125	M936	M1556	ME_M936	ME_M1556
1	31	0.0055	M1024	M1557	ME_M1024	ME_M1557
2	31	0.0335	M1046	M1557	ME_M1046	ME_M1557
3	31	0.0015	M1115	M1557	ME_M1115	ME_M1557
4	31	0.004	M1158	M1557	ME_M1158	ME_M1557
5	31	0.018	M1196	M1557	ME_M1196	ME_M1557
6	31	0.023	M1198	M1557	ME_M1198	ME_M1557
7	31	0.037	M1206	M1557	ME_M1206	ME_M1557
8	31	0.0045	M1263	M1557	ME_M1263	ME_M1557
9	31	0.0215	M1304	M1557	ME_M1304	ME_M1557
10	31	0.003	M1308	M1557	ME_M1308	ME_M1557
11	31	0.0015	M1313	M1557	ME_M1313	ME_M1557
12	31	0.0035	M1314	M1557	ME_M1314	ME_M1557
13	31	0.0135	M1317	M1557	ME_M1317	ME_M1557
14	31	0.0005	M1403	M1557	ME_M1403	ME_M1557
15	31	0.0025	M1405	M1557	ME_M1405	ME_M1557
16	31	0.0085	M144	M1557	ME_M144	ME_M1557
17	31	0.006	M1460	M1557	ME_M1460	ME_M1557
18	31	0.002	M1464	M1557	ME_M1464	ME_M1557
19	31	0.009	M1477	M1557	ME_M1477	ME_M1557
20	31	0.003	M1505	M1557	ME_M1505	ME_M1557
21	31	0.005	M1506	M1557	ME_M1506	ME_M1557
22	31	0.0015	M1508	M1557	ME_M1508	ME_M1557
23	31	0.002	M1509	M1557	ME_M1509	ME_M1557
24	31	0.001	M1510	M1557	ME_M1510	ME_M1557
25	31	0.0185	M1537	M1557	ME_M1537	ME_M1557
26	31	0.024	M154	M1557	ME_M154	ME_M1557
27	31	0.005	M1543	M1557	ME_M1543	ME_M1557
28	31	0.002	M1547	M1557	ME_M1547	ME_M1557
29	31	0.0045	M1548	M1557	ME_M1548	ME_M1557
30	31	0.2335	M1556	M1557	ME_M1556	ME_M1557
32	31	0.1705	M1564	M1557	ME_M1564	ME_M1557
33	31	0.0075	M1572	M1557	ME_M1572	ME_M1557
34	31	0.0285	M158	M1557	ME_M158	ME_M1557
35	31	0.0035	M1582	M1557	ME_M1582	ME_M1557
37	31	0.007	M1599	M1557	ME_M1599	ME_M1557
38	31	0.0015	M1640	M1557	ME_M1640	ME_M1557
39	31	0.0005	M1643	M1557	ME_M1643	ME_M1557
40	31	0.079	M1644	M1557	ME_M1644	ME_M1557
41	31	0.004	M1649	M1557	ME_M1649	ME_M1557
42	31	0.018	M1650	M1557	ME_M1650	ME_M1557
43	31	0.1085	M1654	M1557	ME_M1654	ME_M1557
44	31	0.007	M1710	M1557	ME_M1710	ME_M1557
45	31	0.008	M1823	M1557	ME_M1823	ME_M1557
46	31	0.004	M1849	M1557	ME_M1849	ME_M1557
47	31	0.0095	M1861	M1557	ME_M1861	ME_M1557
48	31	0.0015	M187	M1557	ME_M187	ME_M1557
49	31	0.0105	M188	M1557	ME_M188	ME_M1557
51	31	0.0025	M1903	M1557	ME_M1903	ME_M1557
52	31	0.0005	M1904	M1557	ME_M1904	ME_M1557
53	31	0.0015	M191	M1557	ME_M191	ME_M1557
54	31	0.0345	M1918	M1557	ME_M1918	ME_M1557
55	31	0.011	M192	M1557	ME_M192	ME_M1557
56	31	0.007	M193	M1557	ME_M193	ME_M1557
57	31	0.004	M1969	M1557	ME_M1969	ME_M1557
58	31	0.013	M2198	M1557	ME_M2198	ME_M1557
59	31	0.004	M229	M1557	ME_M229	ME_M1557
60	31	0.0275	M34	M1557	ME_M34	ME_M1557
61	31	0.008	M376	M1557	ME_M376	ME_M1557
62	31	0.007	M38	M1557	ME_M38	ME_M1557
63	31	0.0005	M396	M1557	ME_M396	ME_M1557
64	31	0.55	M56	M1557	ME_M56	ME_M1557
65	31	0.2765	M59	M1557	ME_M59	ME_M1557
66	31	0.002	M635	M1557	ME_M635	ME_M1557
67	31	0.024	M637	M1557	ME_M637	ME_M1557
68	31	0.001	M644	M1557	ME_M644	ME_M1557
69	31	0.0885	M65	M1557	ME_M65	ME_M1557
70	31	0.0195	M660	M1557	ME_M660	ME_M1557
71	31	0.162	M68	M1557	ME_M68	ME_M1557
72	31	0.001	M736	M1557	ME_M736	ME_M1557
73	31	0.0035	M737	M1557	ME_M737	ME_M1557
74	31	0.0005	M742	M1557	ME_M742	ME_M1557
75	31	0.004	M744	M1557	ME_M744	ME_M1557
76	31	0.4865	M883	M1557	ME_M883	ME_M1557
77	31	0.012	M91	M1557	ME_M91	ME_M1557
78	31	0.019	M92	M1557	ME_M92	ME_M1557
79	31	0.058	M93	M1557	ME_M93	ME_M1557
80	31	0.005	M936	M1557	ME_M936	ME_M1557
1	32	0.0065	M1024	M1564	ME_M1024	ME_M1564
2	32	0.299	M1046	M1564	ME_M1046	ME_M1564
3	32	0.003	M1115	M1564	ME_M1115	ME_M1564
4	32	0.0375	M1158	M1564	ME_M1158	ME_M1564
5	32	0.0255	M1196	M1564	ME_M1196	ME_M1564
6	32	0.0135	M1198	M1564	ME_M1198	ME_M1564
7	32	0.0075	M1206	M1564	ME_M1206	ME_M1564
8	32	0.003	M1263	M1564	ME_M1263	ME_M1564
9	32	0.0135	M1304	M1564	ME_M1304	ME_M1564
10	32	0.0015	M1308	M1564	ME_M1308	ME_M1564
11	32	0.004	M1313	M1564	ME_M1313	ME_M1564
12	32	0.001	M1314	M1564	ME_M1314	ME_M1564
13	32	0.0085	M1317	M1564	ME_M1317	ME_M1564
14	32	0.003	M1403	M1564	ME_M1403	ME_M1564
15	32	0.003	M1405	M1564	ME_M1405	ME_M1564
16	32	0.024	M144	M1564	ME_M144	ME_M1564
17	32	0.0035	M1460	M1564	ME_M1460	ME_M1564
18	32	0.004	M1464	M1564	ME_M1464	ME_M1564
19	32	0.007	M1477	M1564	ME_M1477	ME_M1564
20	32	0.0075	M1505	M1564	ME_M1505	ME_M1564
21	32	0.007	M1506	M1564	ME_M1506	ME_M1564
22	32	0.014	M1508	M1564	ME_M1508	ME_M1564
23	32	0.007	M1509	M1564	ME_M1509	ME_M1564
24	32	0.004	M1510	M1564	ME_M1510	ME_M1564
25	32	0.0515	M1537	M1564	ME_M1537	ME_M1564
26	32	0.009	M154	M1564	ME_M154	ME_M1564
27	32	0.003	M1543	M1564	ME_M1543	ME_M1564
28	32	0.0015	M1547	M1564	ME_M1547	ME_M1564
29	32	0.018	M1548	M1564	ME_M1548	ME_M1564
30	32	0.467	M1556	M1564	ME_M1556	ME_M1564
31	32	0.7365	M1557	M1564	ME_M1557	ME_M1564
33	32	0.002	M1572	M1564	ME_M1572	ME_M1564
34	32	0.019	M158	M1564	ME_M158	ME_M1564
35	32	0.0035	M1582	M1564	ME_M1582	ME_M1564
36	32	0.0015	M1592	M1564	ME_M1592	ME_M1564
37	32	0.0105	M1599	M1564	ME_M1599	ME_M1564
38	32	0.0115	M1640	M1564	ME_M1640	ME_M1564
39	32	0.005	M1643	M1564	ME_M1643	ME_M1564
40	32	0.0125	M1644	M1564	ME_M1644	ME_M1564
41	32	0.0025	M1649	M1564	ME_M1649	ME_M1564
42	32	0.0115	M1650	M1564	ME_M1650	ME_M1564
43	32	0.014	M1654	M1564	ME_M1654	ME_M1564
44	32	0.0065	M1710	M1564	ME_M1710	ME_M1564
45	32	0.004	M1823	M1564	ME_M1823	ME_M1564
46	32	0.028	M1849	M1564	ME_M1849	ME_M1564
47	32	0.0095	M1861	M1564	ME_M1861	ME_M1564
48	32	0.0075	M187	M1564	ME_M187	ME_M1564
49	32	0.115	M188	M1564	ME_M188	ME_M1564
50	32	0.0005	M189	M1564	ME_M189	ME_M1564
51	32	0.002	M1903	M1564	ME_M1903	ME_M1564
52	32	0.001	M1904	M1564	ME_M1904	ME_M1564
53	32	0.005	M191	M1564	ME_M191	ME_M1564
54	32	0.0185	M1918	M1564	ME_M1918	ME_M1564
55	32	0.0065	M192	M1564	ME_M192	ME_M1564
56	32	0.0095	M193	M1564	ME_M193	ME_M1564
57	32	0.005	M1969	M1564	ME_M1969	ME_M1564
58	32	0.3345	M2198	M1564	ME_M2198	ME_M1564
59	32	0.0105	M229	M1564	ME_M229	ME_M1564
60	32	0.0525	M34	M1564	ME_M34	ME_M1564
61	32	0.0055	M376	M1564	ME_M376	ME_M1564
62	32	0.0275	M38	M1564	ME_M38	ME_M1564
63	32	0.0035	M396	M1564	ME_M396	ME_M1564
64	32	0.042	M56	M1564	ME_M56	ME_M1564
65	32	0.019	M59	M1564	ME_M59	ME_M1564
66	32	0.007	M635	M1564	ME_M635	ME_M1564
67	32	0.0185	M637	M1564	ME_M637	ME_M1564
68	32	0.0005	M644	M1564	ME_M644	ME_M1564
69	32	0.023	M65	M1564	ME_M65	ME_M1564
70	32	0.011	M660	M1564	ME_M660	ME_M1564
71	32	0.018	M68	M1564	ME_M68	ME_M1564
72	32	0.019	M736	M1564	ME_M736	ME_M1564
73	32	0.0015	M737	M1564	ME_M737	ME_M1564
74	32	0.0685	M742	M1564	ME_M742	ME_M1564
75	32	0.001	M744	M1564	ME_M744	ME_M1564
76	32	0.0235	M883	M1564	ME_M883	ME_M1564
77	32	0.0085	M91	M1564	ME_M91	ME_M1564
78	32	0.0295	M92	M1564	ME_M92	ME_M1564
79	32	0.007	M93	M1564	ME_M93	ME_M1564
80	32	0.0415	M936	M1564	ME_M936	ME_M1564
1	33	0.007	M1024	M1572	ME_M1024	ME_M1572
2	33	0.019	M1046	M1572	ME_M1046	ME_M1572
3	33	0.009	M1115	M1572	ME_M1115	ME_M1572
4	33	0.01	M1158	M1572	ME_M1158	ME_M1572
5	33	0.0095	M1196	M1572	ME_M1196	ME_M1572
6	33	0.01	M1198	M1572	ME_M1198	ME_M1572
7	33	0.01	M1206	M1572	ME_M1206	ME_M1572
8	33	0.01	M1263	M1572	ME_M1263	ME_M1572
9	33	0.0155	M1304	M1572	ME_M1304	ME_M1572
10	33	0.008	M1308	M1572	ME_M1308	ME_M1572
11	33	0.0035	M1313	M1572	ME_M1313	ME_M1572
12	33	0.0105	M1314	M1572	ME_M1314	ME_M1572
13	33	0.0355	M1317	M1572	ME_M1317	ME_M1572
14	33	0.019	M1403	M1572	ME_M1403	ME_M1572
15	33	0.0515	M1405	M1572	ME_M1405	ME_M1572
16	33	0.084	M144	M1572	ME_M144	ME_M1572
17	33	0.029	M1460	M1572	ME_M1460	ME_M1572
18	33	0.1845	M1464	M1572	ME_M1464	ME_M1572
19	33	0.0105	M1477	M1572	ME_M1477	ME_M1572
20	33	0.0675	M1505	M1572	ME_M1505	ME_M1572
21	33	0.036	M1506	M1572	ME_M1506	ME_M1572
22	33	0.047	M1508	M1572	ME_M1508	ME_M1572
23	33	0.0155	M1509	M1572	ME_M1509	ME_M1572
24	33	0.153	M1510	M1572	ME_M1510	ME_M1572
25	33	0.0225	M1537	M1572	ME_M1537	ME_M1572
26	33	0.0285	M154	M1572	ME_M154	ME_M1572
27	33	0.0115	M1543	M1572	ME_M1543	ME_M1572
28	33	0.0165	M1547	M1572	ME_M1547	ME_M1572
29	33	0.011	M1548	M1572	ME_M1548	ME_M1572
30	33	0.039	M1556	M1572	ME_M1556	ME_M1572
31	33	0.6025	M1557	M1572	ME_M1557	ME_M1572
32	33	0.045	M1564	M1572	ME_M1564	ME_M1572
34	33	0.176	M158	M1572	ME_M158	ME_M1572
35	33	0.017	M1582	M1572	ME_M1582	ME_M1572
36	33	0.01	M1592	M1572	ME_M1592	ME_M1572
37	33	0.006	M1599	M1572	ME_M1599	ME_M1572
38	33	0.0305	M1640	M1572	ME_M1640	ME_M1572
39	33	0.0215	M1643	M1572	ME_M1643	ME_M1572
40	33	0.022	M1644	M1572	ME_M1644	ME_M1572
41	33	0.0095	M1649	M1572	ME_M1649	ME_M1572
42	33	0.006	M1650	M1572	ME_M1650	ME_M1572
43	33	0.145	M1654	M1572	ME_M1654	ME_M1572
44	33	0.02	M1710	M1572	ME_M1710	ME_M1572
45	33	0.0065	M1823	M1572	ME_M1823	ME_M1572
46	33	0.0215	M1849	M1572	ME_M1849	ME_M1572
47	33	0.0045	M1861	M1572	ME_M1861	ME_M1572
48	33	0.0295	M187	M1572	ME_M187	ME_M1572
49	33	0.024	M188	M1572	ME_M188	ME_M1572
50	33	0.031	M189	M1572	ME_M189	ME_M1572
51	33	0.0355	M1903	M1572	ME_M1903	ME_M1572
52	33	0.005	M1904	M1572	ME_M1904	ME_M1572
53	33	0.0095	M191	M1572	ME_M191	ME_M1572
54	33	0.025	M1918	M1572	ME_M1918	ME_M1572
55	33	0.019	M192	M1572	ME_M192	ME_M1572
56	33	0.022	M193	M1572	ME_M193	ME_M1572
57	33	0.0215	M1969	M1572	ME_M1969	ME_M1572
58	33	0.012	M2198	M1572	ME_M2198	ME_M1572
59	33	0.014	M229	M1572	ME_M229	ME_M1572
60	33	0.0365	M34	M1572	ME_M34	ME_M1572
61	33	0.018	M376	M1572	ME_M376	ME_M1572
62	33	0.013	M38	M1572	ME_M38	ME_M1572
63	33	0.005	M396	M1572	ME_M396	ME_M1572
64	33	0.0695	M56	M1572	ME_M56	ME_M1572
65	33	0.0845	M59	M1572	ME_M59	ME_M1572
66	33	0.007	M635	M1572	ME_M635	ME_M1572
67	33	0.006	M637	M1572	ME_M637	ME_M1572
68	33	0.009	M644	M1572	ME_M644	ME_M1572
69	33	0.0515	M65	M1572	ME_M65	ME_M1572
70	33	0.0195	M660	M1572	ME_M660	ME_M1572
71	33	0.0265	M68	M1572	ME_M68	ME_M1572
72	33	0.0715	M736	M1572	ME_M736	ME_M1572
73	33	0.006	M737	M1572	ME_M737	ME_M1572
74	33	0.014	M742	M1572	ME_M742	ME_M1572
75	33	0.003	M744	M1572	ME_M744	ME_M1572
76	33	0.0165	M883	M1572	ME_M883	ME_M1572
77	33	0.0085	M91	M1572	ME_M91	ME_M1572
78	33	0.007	M92	M1572	ME_M92	ME_M1572
79	33	0.0055	M93	M1572	ME_M93	ME_M1572
80	33	0.051	M936	M1572	ME_M936	ME_M1572
1	34	0.0005	M1024	M158	ME_M1024	ME_M158
2	34	0.005	M1046	M158	ME_M1046	ME_M158
3	34	0.002	M1115	M158	ME_M1115	ME_M158
4	34	0.002	M1158	M158	ME_M1158	ME_M158
5	34	0.0035	M1196	M158	ME_M1196	ME_M158
6	34	0.0055	M1198	M158	ME_M1198	ME_M158
7	34	0.003	M1206	M158	ME_M1206	ME_M158
8	34	0.002	M1263	M158	ME_M1263	ME_M158
9	34	0.0055	M1304	M158	ME_M1304	ME_M158
11	34	0.0005	M1313	M158	ME_M1313	ME_M158
12	34	0.0015	M1314	M158	ME_M1314	ME_M158
13	34	0.0185	M1317	M158	ME_M1317	ME_M158
14	34	0.0045	M1403	M158	ME_M1403	ME_M158
15	34	0.0225	M1405	M158	ME_M1405	ME_M158
16	34	0.4135	M144	M158	ME_M144	ME_M158
17	34	0.0085	M1460	M158	ME_M1460	ME_M158
18	34	0.008	M1464	M158	ME_M1464	ME_M158
19	34	0.007	M1477	M158	ME_M1477	ME_M158
20	34	0.027	M1505	M158	ME_M1505	ME_M158
21	34	0.012	M1506	M158	ME_M1506	ME_M158
22	34	0.099	M1508	M158	ME_M1508	ME_M158
23	34	0.017	M1509	M158	ME_M1509	ME_M158
24	34	0.0065	M1510	M158	ME_M1510	ME_M158
26	34	0.41	M154	M158	ME_M154	ME_M158
27	34	0.001	M1543	M158	ME_M1543	ME_M158
28	34	0.0075	M1547	M158	ME_M1547	ME_M158
29	34	0.005	M1548	M158	ME_M1548	ME_M158
30	34	0.01	M1556	M158	ME_M1556	ME_M158
31	34	0.0675	M1557	M158	ME_M1557	ME_M158
32	34	0.0025	M1564	M158	ME_M1564	ME_M158
33	34	0.002	M1572	M158	ME_M1572	ME_M158
35	34	0.001	M1582	M158	ME_M1582	ME_M158
36	34	0.002	M1592	M158	ME_M1592	ME_M158
37	34	0.002	M1599	M158	ME_M1599	ME_M158
38	34	0.0005	M1640	M158	ME_M1640	ME_M158
39	34	0.0015	M1643	M158	ME_M1643	ME_M158
40	34	0.0065	M1644	M158	ME_M1644	ME_M158
41	34	0.0055	M1649	M158	ME_M1649	ME_M158
42	34	0.001	M1650	M158	ME_M1650	ME_M158
43	34	0.0115	M1654	M158	ME_M1654	ME_M158
44	34	0.0055	M1710	M158	ME_M1710	ME_M158
45	34	0.028	M1823	M158	ME_M1823	ME_M158
46	34	0.362	M1849	M158	ME_M1849	ME_M158
47	34	0.049	M1861	M158	ME_M1861	ME_M158
48	34	0.025	M187	M158	ME_M187	ME_M158
49	34	0.0775	M188	M158	ME_M188	ME_M158
50	34	0.0025	M189	M158	ME_M189	ME_M158
51	34	0.0025	M1903	M158	ME_M1903	ME_M158
52	34	0.0005	M1904	M158	ME_M1904	ME_M158
53	34	0.002	M191	M158	ME_M191	ME_M158
54	34	0.4405	M1918	M158	ME_M1918	ME_M158
55	34	0.005	M192	M158	ME_M192	ME_M158
56	34	0.005	M193	M158	ME_M193	ME_M158
57	34	0.005	M1969	M158	ME_M1969	ME_M158
58	34	0.0045	M2198	M158	ME_M2198	ME_M158
59	34	0.0025	M229	M158	ME_M229	ME_M158
60	34	0.011	M34	M158	ME_M34	ME_M158
61	34	0.023	M376	M158	ME_M376	ME_M158
62	34	0.007	M38	M158	ME_M38	ME_M158
63	34	0.0015	M396	M158	ME_M396	ME_M158
64	34	0.313	M56	M158	ME_M56	ME_M158
65	34	0.011	M59	M158	ME_M59	ME_M158
66	34	0.0095	M635	M158	ME_M635	ME_M158
67	34	0.0815	M637	M158	ME_M637	ME_M158
68	34	0.0005	M644	M158	ME_M644	ME_M158
69	34	0.0065	M65	M158	ME_M65	ME_M158
70	34	0.096	M660	M158	ME_M660	ME_M158
71	34	0.0075	M68	M158	ME_M68	ME_M158
72	34	0.0005	M736	M158	ME_M736	ME_M158
73	34	0.0025	M737	M158	ME_M737	ME_M158
74	34	0.0005	M742	M158	ME_M742	ME_M158
75	34	0.001	M744	M158	ME_M744	ME_M158
76	34	0.0045	M883	M158	ME_M883	ME_M158
77	34	0.0045	M91	M158	ME_M91	ME_M158
78	34	0.0405	M92	M158	ME_M92	ME_M158
79	34	0.013	M93	M158	ME_M93	ME_M158
80	34	0.002	M936	M158	ME_M936	ME_M158
1	35	0.006	M1024	M1582	ME_M1024	ME_M1582
2	35	0.1195	M1046	M1582	ME_M1046	ME_M1582
3	35	0.0215	M1115	M1582	ME_M1115	ME_M1582
4	35	0.6075	M1158	M1582	ME_M1158	ME_M1582
5	35	0.057	M1196	M1582	ME_M1196	ME_M1582
6	35	0.729	M1198	M1582	ME_M1198	ME_M1582
7	35	0.269	M1206	M1582	ME_M1206	ME_M1582
8	35	0.0025	M1263	M1582	ME_M1263	ME_M1582
9	35	0.002	M1304	M1582	ME_M1304	ME_M1582
10	35	0.003	M1308	M1582	ME_M1308	ME_M1582
11	35	0.0005	M1313	M1582	ME_M1313	ME_M1582
13	35	0.0025	M1317	M1582	ME_M1317	ME_M1582
14	35	0.0005	M1403	M1582	ME_M1403	ME_M1582
15	35	0.0045	M1405	M1582	ME_M1405	ME_M1582
16	35	0.004	M144	M1582	ME_M144	ME_M1582
17	35	0.001	M1460	M1582	ME_M1460	ME_M1582
18	35	0.002	M1464	M1582	ME_M1464	ME_M1582
19	35	0.005	M1477	M1582	ME_M1477	ME_M1582
20	35	0.001	M1505	M1582	ME_M1505	ME_M1582
21	35	0.001	M1506	M1582	ME_M1506	ME_M1582
22	35	0.003	M1508	M1582	ME_M1508	ME_M1582
23	35	0.0005	M1509	M1582	ME_M1509	ME_M1582
24	35	0.0015	M1510	M1582	ME_M1510	ME_M1582
25	35	0.0015	M1537	M1582	ME_M1537	ME_M1582
26	35	0.001	M154	M1582	ME_M154	ME_M1582
27	35	0.0005	M1543	M1582	ME_M1543	ME_M1582
29	35	0.002	M1548	M1582	ME_M1548	ME_M1582
30	35	0.0895	M1556	M1582	ME_M1556	ME_M1582
31	35	0.012	M1557	M1582	ME_M1557	ME_M1582
34	35	0.0025	M158	M1582	ME_M158	ME_M1582
36	35	0.001	M1592	M1582	ME_M1592	ME_M1582
37	35	0.0755	M1599	M1582	ME_M1599	ME_M1582
38	35	0.0885	M1640	M1582	ME_M1640	ME_M1582
39	35	0.0035	M1643	M1582	ME_M1643	ME_M1582
40	35	0.007	M1644	M1582	ME_M1644	ME_M1582
41	35	0.005	M1649	M1582	ME_M1649	ME_M1582
42	35	0.0015	M1650	M1582	ME_M1650	ME_M1582
43	35	0.0065	M1654	M1582	ME_M1654	ME_M1582
44	35	0.063	M1710	M1582	ME_M1710	ME_M1582
45	35	0.005	M1823	M1582	ME_M1823	ME_M1582
46	35	0.0025	M1849	M1582	ME_M1849	ME_M1582
47	35	0.0025	M1861	M1582	ME_M1861	ME_M1582
48	35	0.0115	M187	M1582	ME_M187	ME_M1582
49	35	0.002	M188	M1582	ME_M188	ME_M1582
51	35	0.003	M1903	M1582	ME_M1903	ME_M1582
53	35	0.0005	M191	M1582	ME_M191	ME_M1582
54	35	0.014	M1918	M1582	ME_M1918	ME_M1582
55	35	0.0035	M192	M1582	ME_M192	ME_M1582
56	35	0.0035	M193	M1582	ME_M193	ME_M1582
57	35	0.0065	M1969	M1582	ME_M1969	ME_M1582
58	35	0.0135	M2198	M1582	ME_M2198	ME_M1582
59	35	0.0005	M229	M1582	ME_M229	ME_M1582
60	35	0.0045	M34	M1582	ME_M34	ME_M1582
61	35	0.0075	M376	M1582	ME_M376	ME_M1582
62	35	0.002	M38	M1582	ME_M38	ME_M1582
63	35	0.021	M396	M1582	ME_M396	ME_M1582
64	35	0.003	M56	M1582	ME_M56	ME_M1582
65	35	0.017	M59	M1582	ME_M59	ME_M1582
66	35	0.0265	M635	M1582	ME_M635	ME_M1582
67	35	0.0075	M637	M1582	ME_M637	ME_M1582
68	35	0.435	M644	M1582	ME_M644	ME_M1582
69	35	0.002	M65	M1582	ME_M65	ME_M1582
70	35	0.0015	M660	M1582	ME_M660	ME_M1582
71	35	0.006	M68	M1582	ME_M68	ME_M1582
72	35	0.0005	M736	M1582	ME_M736	ME_M1582
73	35	0.0015	M737	M1582	ME_M737	ME_M1582
74	35	0.006	M742	M1582	ME_M742	ME_M1582
75	35	0.0005	M744	M1582	ME_M744	ME_M1582
76	35	0.038	M883	M1582	ME_M883	ME_M1582
77	35	0.002	M91	M1582	ME_M91	ME_M1582
78	35	0.0055	M92	M1582	ME_M92	ME_M1582
79	35	0.0065	M93	M1582	ME_M93	ME_M1582
80	35	0.005	M936	M1582	ME_M936	ME_M1582
1	36	0.0035	M1024	M1592	ME_M1024	ME_M1592
2	36	0.0105	M1046	M1592	ME_M1046	ME_M1592
3	36	0.065	M1115	M1592	ME_M1115	ME_M1592
4	36	0.022	M1158	M1592	ME_M1158	ME_M1592
5	36	0.007	M1196	M1592	ME_M1196	ME_M1592
6	36	0.006	M1198	M1592	ME_M1198	ME_M1592
7	36	0.004	M1206	M1592	ME_M1206	ME_M1592
8	36	0.012	M1263	M1592	ME_M1263	ME_M1592
9	36	0.0285	M1304	M1592	ME_M1304	ME_M1592
10	36	0.0015	M1308	M1592	ME_M1308	ME_M1592
11	36	0.001	M1313	M1592	ME_M1313	ME_M1592
12	36	0.1005	M1314	M1592	ME_M1314	ME_M1592
13	36	0.005	M1317	M1592	ME_M1317	ME_M1592
14	36	0.004	M1403	M1592	ME_M1403	ME_M1592
15	36	0.009	M1405	M1592	ME_M1405	ME_M1592
16	36	0.1625	M144	M1592	ME_M144	ME_M1592
17	36	0.111	M1460	M1592	ME_M1460	ME_M1592
18	36	0.0045	M1464	M1592	ME_M1464	ME_M1592
19	36	0.0075	M1477	M1592	ME_M1477	ME_M1592
20	36	0.0045	M1505	M1592	ME_M1505	ME_M1592
21	36	0.0265	M1506	M1592	ME_M1506	ME_M1592
22	36	0.008	M1508	M1592	ME_M1508	ME_M1592
23	36	0.0065	M1509	M1592	ME_M1509	ME_M1592
24	36	0.231	M1510	M1592	ME_M1510	ME_M1592
25	36	0.0015	M1537	M1592	ME_M1537	ME_M1592
26	36	0.0335	M154	M1592	ME_M154	ME_M1592
27	36	0.004	M1543	M1592	ME_M1543	ME_M1592
28	36	0.004	M1547	M1592	ME_M1547	ME_M1592
29	36	0.0045	M1548	M1592	ME_M1548	ME_M1592
30	36	0.0185	M1556	M1592	ME_M1556	ME_M1592
31	36	0.0065	M1557	M1592	ME_M1557	ME_M1592
32	36	0.0185	M1564	M1592	ME_M1564	ME_M1592
33	36	0.001	M1572	M1592	ME_M1572	ME_M1592
34	36	0.0235	M158	M1592	ME_M158	ME_M1592
35	36	0.0025	M1582	M1592	ME_M1582	ME_M1592
37	36	0.0045	M1599	M1592	ME_M1599	ME_M1592
38	36	0.014	M1640	M1592	ME_M1640	ME_M1592
39	36	0.4235	M1643	M1592	ME_M1643	ME_M1592
40	36	0.046	M1644	M1592	ME_M1644	ME_M1592
41	36	0.004	M1649	M1592	ME_M1649	ME_M1592
42	36	0.013	M1650	M1592	ME_M1650	ME_M1592
43	36	0.0335	M1654	M1592	ME_M1654	ME_M1592
44	36	0.091	M1710	M1592	ME_M1710	ME_M1592
45	36	0.0085	M1823	M1592	ME_M1823	ME_M1592
46	36	0.027	M1849	M1592	ME_M1849	ME_M1592
47	36	0.008	M1861	M1592	ME_M1861	ME_M1592
48	36	0.004	M187	M1592	ME_M187	ME_M1592
49	36	0.0225	M188	M1592	ME_M188	ME_M1592
50	36	0.014	M189	M1592	ME_M189	ME_M1592
51	36	0.0015	M1903	M1592	ME_M1903	ME_M1592
52	36	0.005	M1904	M1592	ME_M1904	ME_M1592
53	36	0.003	M191	M1592	ME_M191	ME_M1592
54	36	0.011	M1918	M1592	ME_M1918	ME_M1592
55	36	0.0035	M192	M1592	ME_M192	ME_M1592
56	36	0.4315	M193	M1592	ME_M193	ME_M1592
57	36	0.012	M1969	M1592	ME_M1969	ME_M1592
58	36	0.278	M2198	M1592	ME_M2198	ME_M1592
59	36	0.0035	M229	M1592	ME_M229	ME_M1592
60	36	0.005	M34	M1592	ME_M34	ME_M1592
61	36	0.0245	M376	M1592	ME_M376	ME_M1592
62	36	0.0035	M38	M1592	ME_M38	ME_M1592
63	36	0.0045	M396	M1592	ME_M396	ME_M1592
64	36	0.004	M56	M1592	ME_M56	ME_M1592
65	36	0.006	M59	M1592	ME_M59	ME_M1592
66	36	0.037	M635	M1592	ME_M635	ME_M1592
67	36	0.044	M637	M1592	ME_M637	ME_M1592
68	36	0.001	M644	M1592	ME_M644	ME_M1592
69	36	0.021	M65	M1592	ME_M65	ME_M1592
70	36	0.186	M660	M1592	ME_M660	ME_M1592
71	36	0.0345	M68	M1592	ME_M68	ME_M1592
72	36	0.012	M736	M1592	ME_M736	ME_M1592
73	36	0.038	M737	M1592	ME_M737	ME_M1592
74	36	0.0045	M742	M1592	ME_M742	ME_M1592
75	36	0.001	M744	M1592	ME_M744	ME_M1592
76	36	0.0205	M883	M1592	ME_M883	ME_M1592
77	36	0.012	M91	M1592	ME_M91	ME_M1592
78	36	0.0155	M92	M1592	ME_M92	ME_M1592
79	36	0.0015	M93	M1592	ME_M93	ME_M1592
80	36	0.0215	M936	M1592	ME_M936	ME_M1592
1	37	0.001	M1024	M1599	ME_M1024	ME_M1599
2	37	0.013	M1046	M1599	ME_M1046	ME_M1599
3	37	0.139	M1115	M1599	ME_M1115	ME_M1599
4	37	0.0165	M1158	M1599	ME_M1158	ME_M1599
5	37	0.055	M1196	M1599	ME_M1196	ME_M1599
6	37	0.011	M1198	M1599	ME_M1198	ME_M1599
7	37	0.083	M1206	M1599	ME_M1206	ME_M1599
8	37	0.0025	M1263	M1599	ME_M1263	ME_M1599
9	37	0.007	M1304	M1599	ME_M1304	ME_M1599
10	37	0.0005	M1308	M1599	ME_M1308	ME_M1599
11	37	0.0045	M1313	M1599	ME_M1313	ME_M1599
12	37	0.001	M1314	M1599	ME_M1314	ME_M1599
13	37	0.006	M1317	M1599	ME_M1317	ME_M1599
14	37	0.003	M1403	M1599	ME_M1403	ME_M1599
15	37	0.004	M1405	M1599	ME_M1405	ME_M1599
16	37	0.009	M144	M1599	ME_M144	ME_M1599
17	37	0.0025	M1460	M1599	ME_M1460	ME_M1599
18	37	0.001	M1464	M1599	ME_M1464	ME_M1599
19	37	0.015	M1477	M1599	ME_M1477	ME_M1599
20	37	0.0185	M1505	M1599	ME_M1505	ME_M1599
21	37	0.0035	M1506	M1599	ME_M1506	ME_M1599
22	37	0.0055	M1508	M1599	ME_M1508	ME_M1599
23	37	0.009	M1509	M1599	ME_M1509	ME_M1599
24	37	0.009	M1510	M1599	ME_M1510	ME_M1599
25	37	0.0015	M1537	M1599	ME_M1537	ME_M1599
26	37	0.0025	M154	M1599	ME_M154	ME_M1599
27	37	0.009	M1543	M1599	ME_M1543	ME_M1599
28	37	0.001	M1547	M1599	ME_M1547	ME_M1599
30	37	0.247	M1556	M1599	ME_M1556	ME_M1599
31	37	0.046	M1557	M1599	ME_M1557	ME_M1599
32	37	0.005	M1564	M1599	ME_M1564	ME_M1599
33	37	0.001	M1572	M1599	ME_M1572	ME_M1599
34	37	0.0075	M158	M1599	ME_M158	ME_M1599
35	37	0.0675	M1582	M1599	ME_M1582	ME_M1599
36	37	0.0015	M1592	M1599	ME_M1592	ME_M1599
38	37	0.3135	M1640	M1599	ME_M1640	ME_M1599
39	37	0.0005	M1643	M1599	ME_M1643	ME_M1599
40	37	0.0165	M1644	M1599	ME_M1644	ME_M1599
41	37	0.005	M1649	M1599	ME_M1649	ME_M1599
42	37	0.023	M1650	M1599	ME_M1650	ME_M1599
43	37	0.0135	M1654	M1599	ME_M1654	ME_M1599
44	37	0.016	M1710	M1599	ME_M1710	ME_M1599
45	37	0.004	M1823	M1599	ME_M1823	ME_M1599
46	37	0.005	M1849	M1599	ME_M1849	ME_M1599
47	37	0.015	M1861	M1599	ME_M1861	ME_M1599
48	37	0.008	M187	M1599	ME_M187	ME_M1599
49	37	0.012	M188	M1599	ME_M188	ME_M1599
51	37	0.0025	M1903	M1599	ME_M1903	ME_M1599
52	37	0.0005	M1904	M1599	ME_M1904	ME_M1599
53	37	0.1165	M191	M1599	ME_M191	ME_M1599
54	37	0.003	M1918	M1599	ME_M1918	ME_M1599
55	37	0.003	M192	M1599	ME_M192	ME_M1599
56	37	0.015	M193	M1599	ME_M193	ME_M1599
57	37	0.0005	M1969	M1599	ME_M1969	ME_M1599
58	37	0.557	M2198	M1599	ME_M2198	ME_M1599
60	37	0.196	M34	M1599	ME_M34	ME_M1599
61	37	0.3785	M376	M1599	ME_M376	ME_M1599
62	37	0.16	M38	M1599	ME_M38	ME_M1599
63	37	0.003	M396	M1599	ME_M396	ME_M1599
64	37	0.019	M56	M1599	ME_M56	ME_M1599
65	37	0.008	M59	M1599	ME_M59	ME_M1599
66	37	0.0045	M635	M1599	ME_M635	ME_M1599
67	37	0.005	M637	M1599	ME_M637	ME_M1599
68	37	0.0045	M644	M1599	ME_M644	ME_M1599
69	37	0.018	M65	M1599	ME_M65	ME_M1599
70	37	0.004	M660	M1599	ME_M660	ME_M1599
71	37	0.0455	M68	M1599	ME_M68	ME_M1599
73	37	0.0005	M737	M1599	ME_M737	ME_M1599
74	37	0.0005	M742	M1599	ME_M742	ME_M1599
75	37	0.0025	M744	M1599	ME_M744	ME_M1599
76	37	0.01	M883	M1599	ME_M883	ME_M1599
77	37	0.0085	M91	M1599	ME_M91	ME_M1599
78	37	0.0155	M92	M1599	ME_M92	ME_M1599
79	37	0.0055	M93	M1599	ME_M93	ME_M1599
80	37	0.074	M936	M1599	ME_M936	ME_M1599
1	38	0.3505	M1024	M1640	ME_M1024	ME_M1640
2	38	0.0265	M1046	M1640	ME_M1046	ME_M1640
3	38	0.1325	M1115	M1640	ME_M1115	ME_M1640
4	38	0.1325	M1158	M1640	ME_M1158	ME_M1640
5	38	0.007	M1196	M1640	ME_M1196	ME_M1640
6	38	0.0195	M1198	M1640	ME_M1198	ME_M1640
7	38	0.1245	M1206	M1640	ME_M1206	ME_M1640
8	38	0.0035	M1263	M1640	ME_M1263	ME_M1640
9	38	0.0125	M1304	M1640	ME_M1304	ME_M1640
10	38	0.002	M1308	M1640	ME_M1308	ME_M1640
12	38	0.078	M1314	M1640	ME_M1314	ME_M1640
13	38	0.023	M1317	M1640	ME_M1317	ME_M1640
14	38	0.009	M1403	M1640	ME_M1403	ME_M1640
15	38	0.0115	M1405	M1640	ME_M1405	ME_M1640
16	38	0.009	M144	M1640	ME_M144	ME_M1640
17	38	0.001	M1460	M1640	ME_M1460	ME_M1640
18	38	0.0015	M1464	M1640	ME_M1464	ME_M1640
19	38	0.0045	M1477	M1640	ME_M1477	ME_M1640
20	38	0.0005	M1505	M1640	ME_M1505	ME_M1640
21	38	0.022	M1506	M1640	ME_M1506	ME_M1640
22	38	0.0075	M1508	M1640	ME_M1508	ME_M1640
23	38	0.0055	M1509	M1640	ME_M1509	ME_M1640
24	38	0.0095	M1510	M1640	ME_M1510	ME_M1640
25	38	0.0035	M1537	M1640	ME_M1537	ME_M1640
26	38	0.006	M154	M1640	ME_M154	ME_M1640
27	38	0.007	M1543	M1640	ME_M1543	ME_M1640
28	38	0.0005	M1547	M1640	ME_M1547	ME_M1640
29	38	0.0025	M1548	M1640	ME_M1548	ME_M1640
30	38	0.007	M1556	M1640	ME_M1556	ME_M1640
31	38	0.077	M1557	M1640	ME_M1557	ME_M1640
32	38	0.023	M1564	M1640	ME_M1564	ME_M1640
33	38	0.0015	M1572	M1640	ME_M1572	ME_M1640
34	38	0.009	M158	M1640	ME_M158	ME_M1640
35	38	0.0605	M1582	M1640	ME_M1582	ME_M1640
36	38	0.0015	M1592	M1640	ME_M1592	ME_M1640
37	38	0.0175	M1599	M1640	ME_M1599	ME_M1640
39	38	0.003	M1643	M1640	ME_M1643	ME_M1640
40	38	0.0695	M1644	M1640	ME_M1644	ME_M1640
41	38	0.008	M1649	M1640	ME_M1649	ME_M1640
42	38	0.007	M1650	M1640	ME_M1650	ME_M1640
43	38	0.4145	M1654	M1640	ME_M1654	ME_M1640
44	38	0.008	M1710	M1640	ME_M1710	ME_M1640
45	38	0.0005	M1823	M1640	ME_M1823	ME_M1640
46	38	0.005	M1849	M1640	ME_M1849	ME_M1640
47	38	0.009	M1861	M1640	ME_M1861	ME_M1640
48	38	0.0065	M187	M1640	ME_M187	ME_M1640
49	38	0.0015	M188	M1640	ME_M188	ME_M1640
50	38	0.002	M189	M1640	ME_M189	ME_M1640
51	38	0.0005	M1903	M1640	ME_M1903	ME_M1640
52	38	0.0005	M1904	M1640	ME_M1904	ME_M1640
53	38	0.0015	M191	M1640	ME_M191	ME_M1640
54	38	0.0075	M1918	M1640	ME_M1918	ME_M1640
55	38	0.003	M192	M1640	ME_M192	ME_M1640
56	38	0.0085	M193	M1640	ME_M193	ME_M1640
57	38	0.004	M1969	M1640	ME_M1969	ME_M1640
58	38	0.023	M2198	M1640	ME_M2198	ME_M1640
59	38	0.001	M229	M1640	ME_M229	ME_M1640
60	38	0.015	M34	M1640	ME_M34	ME_M1640
61	38	0.004	M376	M1640	ME_M376	ME_M1640
62	38	0.011	M38	M1640	ME_M38	ME_M1640
63	38	0.0025	M396	M1640	ME_M396	ME_M1640
64	38	0.0265	M56	M1640	ME_M56	ME_M1640
65	38	0.011	M59	M1640	ME_M59	ME_M1640
66	38	0.0055	M635	M1640	ME_M635	ME_M1640
67	38	0.0185	M637	M1640	ME_M637	ME_M1640
68	38	0.12	M644	M1640	ME_M644	ME_M1640
69	38	0.658	M65	M1640	ME_M65	ME_M1640
70	38	0.012	M660	M1640	ME_M660	ME_M1640
71	38	0.0235	M68	M1640	ME_M68	ME_M1640
72	38	0.001	M736	M1640	ME_M736	ME_M1640
73	38	0.0045	M737	M1640	ME_M737	ME_M1640
74	38	0.0005	M742	M1640	ME_M742	ME_M1640
75	38	0.004	M744	M1640	ME_M744	ME_M1640
76	38	0.1675	M883	M1640	ME_M883	ME_M1640
77	38	0.0095	M91	M1640	ME_M91	ME_M1640
78	38	0.003	M92	M1640	ME_M92	ME_M1640
79	38	0.0035	M93	M1640	ME_M93	ME_M1640
80	38	0.0355	M936	M1640	ME_M936	ME_M1640
1	39	0.018	M1024	M1643	ME_M1024	ME_M1643
2	39	0.0355	M1046	M1643	ME_M1046	ME_M1643
3	39	0.004	M1115	M1643	ME_M1115	ME_M1643
4	39	0.0105	M1158	M1643	ME_M1158	ME_M1643
5	39	0.014	M1196	M1643	ME_M1196	ME_M1643
6	39	0.0185	M1198	M1643	ME_M1198	ME_M1643
7	39	0.0085	M1206	M1643	ME_M1206	ME_M1643
8	39	0.005	M1263	M1643	ME_M1263	ME_M1643
9	39	0.015	M1304	M1643	ME_M1304	ME_M1643
11	39	0.0045	M1313	M1643	ME_M1313	ME_M1643
12	39	0.0075	M1314	M1643	ME_M1314	ME_M1643
13	39	0.1425	M1317	M1643	ME_M1317	ME_M1643
14	39	0.003	M1403	M1643	ME_M1403	ME_M1643
15	39	0.026	M1405	M1643	ME_M1405	ME_M1643
16	39	0.159	M144	M1643	ME_M144	ME_M1643
17	39	0.3	M1460	M1643	ME_M1460	ME_M1643
18	39	0.0105	M1464	M1643	ME_M1464	ME_M1643
19	39	0.004	M1477	M1643	ME_M1477	ME_M1643
20	39	0.021	M1505	M1643	ME_M1505	ME_M1643
21	39	0.0115	M1506	M1643	ME_M1506	ME_M1643
22	39	0.0035	M1508	M1643	ME_M1508	ME_M1643
23	39	0.123	M1509	M1643	ME_M1509	ME_M1643
24	39	0.012	M1510	M1643	ME_M1510	ME_M1643
25	39	0.0085	M1537	M1643	ME_M1537	ME_M1643
26	39	0.0035	M154	M1643	ME_M154	ME_M1643
27	39	0.005	M1543	M1643	ME_M1543	ME_M1643
28	39	0.0015	M1547	M1643	ME_M1547	ME_M1643
29	39	0.0035	M1548	M1643	ME_M1548	ME_M1643
30	39	0.0065	M1556	M1643	ME_M1556	ME_M1643
31	39	0.0135	M1557	M1643	ME_M1557	ME_M1643
32	39	0.123	M1564	M1643	ME_M1564	ME_M1643
33	39	0.003	M1572	M1643	ME_M1572	ME_M1643
34	39	0.01	M158	M1643	ME_M158	ME_M1643
35	39	0.0115	M1582	M1643	ME_M1582	ME_M1643
36	39	0.07	M1592	M1643	ME_M1592	ME_M1643
37	39	0.011	M1599	M1643	ME_M1599	ME_M1643
38	39	0.016	M1640	M1643	ME_M1640	ME_M1643
40	39	0.0175	M1644	M1643	ME_M1644	ME_M1643
41	39	0.0135	M1649	M1643	ME_M1649	ME_M1643
42	39	0.01	M1650	M1643	ME_M1650	ME_M1643
43	39	0.0505	M1654	M1643	ME_M1654	ME_M1643
44	39	0.0295	M1710	M1643	ME_M1710	ME_M1643
45	39	0.019	M1823	M1643	ME_M1823	ME_M1643
46	39	0.0075	M1849	M1643	ME_M1849	ME_M1643
47	39	0.053	M1861	M1643	ME_M1861	ME_M1643
48	39	0.005	M187	M1643	ME_M187	ME_M1643
49	39	0.02	M188	M1643	ME_M188	ME_M1643
50	39	0.0065	M189	M1643	ME_M189	ME_M1643
51	39	0.0015	M1903	M1643	ME_M1903	ME_M1643
52	39	0.006	M1904	M1643	ME_M1904	ME_M1643
53	39	0.0135	M191	M1643	ME_M191	ME_M1643
54	39	0.078	M1918	M1643	ME_M1918	ME_M1643
55	39	0.01	M192	M1643	ME_M192	ME_M1643
56	39	0.0085	M193	M1643	ME_M193	ME_M1643
57	39	0.008	M1969	M1643	ME_M1969	ME_M1643
58	39	0.0265	M2198	M1643	ME_M2198	ME_M1643
59	39	0.0015	M229	M1643	ME_M229	ME_M1643
60	39	0.1075	M34	M1643	ME_M34	ME_M1643
61	39	0.0105	M376	M1643	ME_M376	ME_M1643
62	39	0.081	M38	M1643	ME_M38	ME_M1643
63	39	0.0085	M396	M1643	ME_M396	ME_M1643
64	39	0.0125	M56	M1643	ME_M56	ME_M1643
65	39	0.007	M59	M1643	ME_M59	ME_M1643
66	39	0.052	M635	M1643	ME_M635	ME_M1643
67	39	0.6875	M637	M1643	ME_M637	ME_M1643
68	39	0.004	M644	M1643	ME_M644	ME_M1643
69	39	0.023	M65	M1643	ME_M65	ME_M1643
70	39	0.165	M660	M1643	ME_M660	ME_M1643
71	39	0.0375	M68	M1643	ME_M68	ME_M1643
72	39	0.0105	M736	M1643	ME_M736	ME_M1643
73	39	0.0055	M737	M1643	ME_M737	ME_M1643
74	39	0.008	M742	M1643	ME_M742	ME_M1643
75	39	0.0045	M744	M1643	ME_M744	ME_M1643
76	39	0.0095	M883	M1643	ME_M883	ME_M1643
77	39	0.0095	M91	M1643	ME_M91	ME_M1643
78	39	0.0085	M92	M1643	ME_M92	ME_M1643
79	39	0.024	M93	M1643	ME_M93	ME_M1643
80	39	0.014	M936	M1643	ME_M936	ME_M1643
1	40	0.0035	M1024	M1644	ME_M1024	ME_M1644
2	40	0.0175	M1046	M1644	ME_M1046	ME_M1644
3	40	0.003	M1115	M1644	ME_M1115	ME_M1644
4	40	0.0105	M1158	M1644	ME_M1158	ME_M1644
5	40	0.093	M1196	M1644	ME_M1196	ME_M1644
6	40	0.024	M1198	M1644	ME_M1198	ME_M1644
7	40	0.14	M1206	M1644	ME_M1206	ME_M1644
8	40	0.003	M1263	M1644	ME_M1263	ME_M1644
9	40	0.02	M1304	M1644	ME_M1304	ME_M1644
10	40	0.002	M1308	M1644	ME_M1308	ME_M1644
11	40	0.0005	M1313	M1644	ME_M1313	ME_M1644
12	40	0.0035	M1314	M1644	ME_M1314	ME_M1644
13	40	0.077	M1317	M1644	ME_M1317	ME_M1644
14	40	0.002	M1403	M1644	ME_M1403	ME_M1644
15	40	0.012	M1405	M1644	ME_M1405	ME_M1644
16	40	0.005	M144	M1644	ME_M144	ME_M1644
17	40	0.006	M1460	M1644	ME_M1460	ME_M1644
18	40	0.001	M1464	M1644	ME_M1464	ME_M1644
19	40	0.029	M1477	M1644	ME_M1477	ME_M1644
20	40	0.0045	M1505	M1644	ME_M1505	ME_M1644
21	40	0.002	M1506	M1644	ME_M1506	ME_M1644
22	40	0.0055	M1508	M1644	ME_M1508	ME_M1644
23	40	0.0055	M1509	M1644	ME_M1509	ME_M1644
24	40	0.006	M1510	M1644	ME_M1510	ME_M1644
25	40	0.0005	M1537	M1644	ME_M1537	ME_M1644
26	40	0.0085	M154	M1644	ME_M154	ME_M1644
27	40	0.0025	M1543	M1644	ME_M1543	ME_M1644
28	40	0.0005	M1547	M1644	ME_M1547	ME_M1644
29	40	0.0345	M1548	M1644	ME_M1548	ME_M1644
30	40	0.2885	M1556	M1644	ME_M1556	ME_M1644
31	40	0.025	M1557	M1644	ME_M1557	ME_M1644
32	40	0.0065	M1564	M1644	ME_M1564	ME_M1644
34	40	0.012	M158	M1644	ME_M158	ME_M1644
35	40	0.002	M1582	M1644	ME_M1582	ME_M1644
36	40	0.01	M1592	M1644	ME_M1592	ME_M1644
37	40	0.0035	M1599	M1644	ME_M1599	ME_M1644
38	40	0.0135	M1640	M1644	ME_M1640	ME_M1644
39	40	0.005	M1643	M1644	ME_M1643	ME_M1644
41	40	0.0035	M1649	M1644	ME_M1649	ME_M1644
42	40	0.0115	M1650	M1644	ME_M1650	ME_M1644
43	40	0.0155	M1654	M1644	ME_M1654	ME_M1644
44	40	0.0555	M1710	M1644	ME_M1710	ME_M1644
45	40	0.029	M1823	M1644	ME_M1823	ME_M1644
46	40	0.006	M1849	M1644	ME_M1849	ME_M1644
47	40	0.103	M1861	M1644	ME_M1861	ME_M1644
48	40	0.012	M187	M1644	ME_M187	ME_M1644
49	40	0.0035	M188	M1644	ME_M188	ME_M1644
50	40	0.0005	M189	M1644	ME_M189	ME_M1644
51	40	0.001	M1903	M1644	ME_M1903	ME_M1644
52	40	0.001	M1904	M1644	ME_M1904	ME_M1644
53	40	0.0005	M191	M1644	ME_M191	ME_M1644
54	40	0.3795	M1918	M1644	ME_M1918	ME_M1644
55	40	0.092	M192	M1644	ME_M192	ME_M1644
56	40	0.005	M193	M1644	ME_M193	ME_M1644
57	40	0.004	M1969	M1644	ME_M1969	ME_M1644
58	40	0.0195	M2198	M1644	ME_M2198	ME_M1644
59	40	0.002	M229	M1644	ME_M229	ME_M1644
60	40	0.0085	M34	M1644	ME_M34	ME_M1644
61	40	0.44	M376	M1644	ME_M376	ME_M1644
62	40	0.031	M38	M1644	ME_M38	ME_M1644
63	40	0.0025	M396	M1644	ME_M396	ME_M1644
64	40	0.0315	M56	M1644	ME_M56	ME_M1644
65	40	0.017	M59	M1644	ME_M59	ME_M1644
66	40	0.0045	M635	M1644	ME_M635	ME_M1644
67	40	0.037	M637	M1644	ME_M637	ME_M1644
69	40	0.0145	M65	M1644	ME_M65	ME_M1644
70	40	0.0455	M660	M1644	ME_M660	ME_M1644
71	40	0.013	M68	M1644	ME_M68	ME_M1644
72	40	0.009	M736	M1644	ME_M736	ME_M1644
73	40	0.0055	M737	M1644	ME_M737	ME_M1644
75	40	0.0065	M744	M1644	ME_M744	ME_M1644
76	40	0.507	M883	M1644	ME_M883	ME_M1644
77	40	0.007	M91	M1644	ME_M91	ME_M1644
78	40	0.0065	M92	M1644	ME_M92	ME_M1644
79	40	0.0235	M93	M1644	ME_M93	ME_M1644
80	40	0.0025	M936	M1644	ME_M936	ME_M1644
1	41	0.0075	M1024	M1649	ME_M1024	ME_M1649
2	41	0.4575	M1046	M1649	ME_M1046	ME_M1649
3	41	0.005	M1115	M1649	ME_M1115	ME_M1649
4	41	0.015	M1158	M1649	ME_M1158	ME_M1649
5	41	0.3565	M1196	M1649	ME_M1196	ME_M1649
6	41	0.0315	M1198	M1649	ME_M1198	ME_M1649
7	41	0.0625	M1206	M1649	ME_M1206	ME_M1649
8	41	0.003	M1263	M1649	ME_M1263	ME_M1649
9	41	0.0075	M1304	M1649	ME_M1304	ME_M1649
10	41	0.002	M1308	M1649	ME_M1308	ME_M1649
11	41	0.0005	M1313	M1649	ME_M1313	ME_M1649
12	41	0.0025	M1314	M1649	ME_M1314	ME_M1649
13	41	0.0105	M1317	M1649	ME_M1317	ME_M1649
14	41	0.0045	M1403	M1649	ME_M1403	ME_M1649
15	41	0.006	M1405	M1649	ME_M1405	ME_M1649
16	41	0.009	M144	M1649	ME_M144	ME_M1649
17	41	0.0055	M1460	M1649	ME_M1460	ME_M1649
18	41	0.0055	M1464	M1649	ME_M1464	ME_M1649
19	41	0.0135	M1477	M1649	ME_M1477	ME_M1649
20	41	0.003	M1505	M1649	ME_M1505	ME_M1649
21	41	0.015	M1506	M1649	ME_M1506	ME_M1649
22	41	0.016	M1508	M1649	ME_M1508	ME_M1649
23	41	0.008	M1509	M1649	ME_M1509	ME_M1649
24	41	0.0075	M1510	M1649	ME_M1510	ME_M1649
25	41	0.0015	M1537	M1649	ME_M1537	ME_M1649
26	41	0.0045	M154	M1649	ME_M154	ME_M1649
27	41	0.004	M1543	M1649	ME_M1543	ME_M1649
28	41	0.0005	M1547	M1649	ME_M1547	ME_M1649
29	41	0.0065	M1548	M1649	ME_M1548	ME_M1649
30	41	0.028	M1556	M1649	ME_M1556	ME_M1649
31	41	0.054	M1557	M1649	ME_M1557	ME_M1649
32	41	0.0215	M1564	M1649	ME_M1564	ME_M1649
33	41	0.003	M1572	M1649	ME_M1572	ME_M1649
34	41	0.0125	M158	M1649	ME_M158	ME_M1649
35	41	0.014	M1582	M1649	ME_M1582	ME_M1649
36	41	0.0045	M1592	M1649	ME_M1592	ME_M1649
37	41	0.006	M1599	M1649	ME_M1599	ME_M1649
38	41	0.0685	M1640	M1649	ME_M1640	ME_M1649
39	41	0.005	M1643	M1649	ME_M1643	ME_M1649
40	41	0.133	M1644	M1649	ME_M1644	ME_M1649
42	41	0.0265	M1650	M1649	ME_M1650	ME_M1649
43	41	0.703	M1654	M1649	ME_M1654	ME_M1649
44	41	0.046	M1710	M1649	ME_M1710	ME_M1649
45	41	0.0175	M1823	M1649	ME_M1823	ME_M1649
46	41	0.0195	M1849	M1649	ME_M1849	ME_M1649
47	41	0.0085	M1861	M1649	ME_M1861	ME_M1649
48	41	0.015	M187	M1649	ME_M187	ME_M1649
49	41	0.0035	M188	M1649	ME_M188	ME_M1649
50	41	0.0015	M189	M1649	ME_M189	ME_M1649
51	41	0.002	M1903	M1649	ME_M1903	ME_M1649
52	41	0.001	M1904	M1649	ME_M1904	ME_M1649
53	41	0.0105	M191	M1649	ME_M191	ME_M1649
54	41	0.0045	M1918	M1649	ME_M1918	ME_M1649
55	41	0.0025	M192	M1649	ME_M192	ME_M1649
56	41	0.02	M193	M1649	ME_M193	ME_M1649
57	41	0.006	M1969	M1649	ME_M1969	ME_M1649
58	41	0.0255	M2198	M1649	ME_M2198	ME_M1649
59	41	0.001	M229	M1649	ME_M229	ME_M1649
60	41	0.012	M34	M1649	ME_M34	ME_M1649
61	41	0.009	M376	M1649	ME_M376	ME_M1649
62	41	0.009	M38	M1649	ME_M38	ME_M1649
63	41	0.0095	M396	M1649	ME_M396	ME_M1649
64	41	0.027	M56	M1649	ME_M56	ME_M1649
65	41	0.018	M59	M1649	ME_M59	ME_M1649
66	41	0.0135	M635	M1649	ME_M635	ME_M1649
67	41	0.017	M637	M1649	ME_M637	ME_M1649
68	41	0.0105	M644	M1649	ME_M644	ME_M1649
69	41	0.01	M65	M1649	ME_M65	ME_M1649
70	41	0.0195	M660	M1649	ME_M660	ME_M1649
71	41	0.0175	M68	M1649	ME_M68	ME_M1649
72	41	0.216	M736	M1649	ME_M736	ME_M1649
73	41	0.0135	M737	M1649	ME_M737	ME_M1649
74	41	0.005	M742	M1649	ME_M742	ME_M1649
75	41	0.0045	M744	M1649	ME_M744	ME_M1649
76	41	0.101	M883	M1649	ME_M883	ME_M1649
77	41	0.006	M91	M1649	ME_M91	ME_M1649
78	41	0.021	M92	M1649	ME_M92	ME_M1649
79	41	0.007	M93	M1649	ME_M93	ME_M1649
80	41	0.032	M936	M1649	ME_M936	ME_M1649
1	42	0.0015	M1024	M1650	ME_M1024	ME_M1650
2	42	0.014	M1046	M1650	ME_M1046	ME_M1650
3	42	0.0035	M1115	M1650	ME_M1115	ME_M1650
4	42	0.001	M1158	M1650	ME_M1158	ME_M1650
5	42	0.015	M1196	M1650	ME_M1196	ME_M1650
6	42	0.0135	M1198	M1650	ME_M1198	ME_M1650
7	42	0.005	M1206	M1650	ME_M1206	ME_M1650
8	42	0.001	M1263	M1650	ME_M1263	ME_M1650
9	42	0.007	M1304	M1650	ME_M1304	ME_M1650
10	42	0.0015	M1308	M1650	ME_M1308	ME_M1650
11	42	0.001	M1313	M1650	ME_M1313	ME_M1650
13	42	0.5775	M1317	M1650	ME_M1317	ME_M1650
14	42	0.004	M1403	M1650	ME_M1403	ME_M1650
15	42	0.023	M1405	M1650	ME_M1405	ME_M1650
16	42	0.034	M144	M1650	ME_M144	ME_M1650
17	42	0.002	M1460	M1650	ME_M1460	ME_M1650
18	42	0.0005	M1464	M1650	ME_M1464	ME_M1650
19	42	0.0035	M1477	M1650	ME_M1477	ME_M1650
20	42	0.0435	M1505	M1650	ME_M1505	ME_M1650
21	42	0.0065	M1506	M1650	ME_M1506	ME_M1650
22	42	0.007	M1508	M1650	ME_M1508	ME_M1650
23	42	0.04	M1509	M1650	ME_M1509	ME_M1650
24	42	0.0065	M1510	M1650	ME_M1510	ME_M1650
25	42	0.0005	M1537	M1650	ME_M1537	ME_M1650
26	42	0.0065	M154	M1650	ME_M154	ME_M1650
27	42	0.005	M1543	M1650	ME_M1543	ME_M1650
29	42	0.0005	M1548	M1650	ME_M1548	ME_M1650
30	42	0.826	M1556	M1650	ME_M1556	ME_M1650
31	42	0.0155	M1557	M1650	ME_M1557	ME_M1650
32	42	0.007	M1564	M1650	ME_M1564	ME_M1650
34	42	0.0135	M158	M1650	ME_M158	ME_M1650
35	42	0.0005	M1582	M1650	ME_M1582	ME_M1650
36	42	0.0035	M1592	M1650	ME_M1592	ME_M1650
37	42	0.006	M1599	M1650	ME_M1599	ME_M1650
38	42	0.0015	M1640	M1650	ME_M1640	ME_M1650
40	42	0.022	M1644	M1650	ME_M1644	ME_M1650
41	42	0.008	M1649	M1650	ME_M1649	ME_M1650
43	42	0.8425	M1654	M1650	ME_M1654	ME_M1650
44	42	0.0135	M1710	M1650	ME_M1710	ME_M1650
45	42	0.03	M1823	M1650	ME_M1823	ME_M1650
46	42	0.0195	M1849	M1650	ME_M1849	ME_M1650
47	42	0.005	M1861	M1650	ME_M1861	ME_M1650
48	42	0.0025	M187	M1650	ME_M187	ME_M1650
49	42	0.0005	M188	M1650	ME_M188	ME_M1650
50	42	0.002	M189	M1650	ME_M189	ME_M1650
51	42	0.0005	M1903	M1650	ME_M1903	ME_M1650
53	42	0.0045	M191	M1650	ME_M191	ME_M1650
54	42	0.0455	M1918	M1650	ME_M1918	ME_M1650
55	42	0.0005	M192	M1650	ME_M192	ME_M1650
56	42	0.0035	M193	M1650	ME_M193	ME_M1650
57	42	0.0005	M1969	M1650	ME_M1969	ME_M1650
58	42	0.005	M2198	M1650	ME_M2198	ME_M1650
59	42	0.0005	M229	M1650	ME_M229	ME_M1650
60	42	0.002	M34	M1650	ME_M34	ME_M1650
61	42	0.015	M376	M1650	ME_M376	ME_M1650
62	42	0.005	M38	M1650	ME_M38	ME_M1650
63	42	0.001	M396	M1650	ME_M396	ME_M1650
64	42	0.0685	M56	M1650	ME_M56	ME_M1650
65	42	0.012	M59	M1650	ME_M59	ME_M1650
66	42	0.016	M635	M1650	ME_M635	ME_M1650
67	42	0.0105	M637	M1650	ME_M637	ME_M1650
68	42	0.0005	M644	M1650	ME_M644	ME_M1650
69	42	0.006	M65	M1650	ME_M65	ME_M1650
70	42	0.012	M660	M1650	ME_M660	ME_M1650
71	42	0.0195	M68	M1650	ME_M68	ME_M1650
72	42	0.0005	M736	M1650	ME_M736	ME_M1650
73	42	0.003	M737	M1650	ME_M737	ME_M1650
74	42	0.0005	M742	M1650	ME_M742	ME_M1650
75	42	0.0025	M744	M1650	ME_M744	ME_M1650
76	42	0.0065	M883	M1650	ME_M883	ME_M1650
77	42	0.0035	M91	M1650	ME_M91	ME_M1650
78	42	0.005	M92	M1650	ME_M92	ME_M1650
79	42	0.0025	M93	M1650	ME_M93	ME_M1650
80	42	0.0015	M936	M1650	ME_M936	ME_M1650
1	43	0.004	M1024	M1654	ME_M1024	ME_M1654
2	43	0.599	M1046	M1654	ME_M1046	ME_M1654
3	43	0.0755	M1115	M1654	ME_M1115	ME_M1654
4	43	0.021	M1158	M1654	ME_M1158	ME_M1654
5	43	0.083	M1196	M1654	ME_M1196	ME_M1654
6	43	0.0275	M1198	M1654	ME_M1198	ME_M1654
7	43	0.0105	M1206	M1654	ME_M1206	ME_M1654
8	43	0.011	M1263	M1654	ME_M1263	ME_M1654
9	43	0.021	M1304	M1654	ME_M1304	ME_M1654
11	43	0.002	M1313	M1654	ME_M1313	ME_M1654
12	43	0.001	M1314	M1654	ME_M1314	ME_M1654
13	43	0.012	M1317	M1654	ME_M1317	ME_M1654
14	43	0.0035	M1403	M1654	ME_M1403	ME_M1654
15	43	0.0125	M1405	M1654	ME_M1405	ME_M1654
16	43	0.0125	M144	M1654	ME_M144	ME_M1654
17	43	0.0025	M1460	M1654	ME_M1460	ME_M1654
18	43	0.001	M1464	M1654	ME_M1464	ME_M1654
19	43	0.0135	M1477	M1654	ME_M1477	ME_M1654
20	43	0.0075	M1505	M1654	ME_M1505	ME_M1654
21	43	0.021	M1506	M1654	ME_M1506	ME_M1654
22	43	0.0155	M1508	M1654	ME_M1508	ME_M1654
23	43	0.148	M1509	M1654	ME_M1509	ME_M1654
24	43	0.143	M1510	M1654	ME_M1510	ME_M1654
25	43	0.0005	M1537	M1654	ME_M1537	ME_M1654
26	43	0.0185	M154	M1654	ME_M154	ME_M1654
27	43	0.0025	M1543	M1654	ME_M1543	ME_M1654
28	43	0.0005	M1547	M1654	ME_M1547	ME_M1654
29	43	0.002	M1548	M1654	ME_M1548	ME_M1654
30	43	0.031	M1556	M1654	ME_M1556	ME_M1654
31	43	0.018	M1557	M1654	ME_M1557	ME_M1654
32	43	0.003	M1564	M1654	ME_M1564	ME_M1654
33	43	0.003	M1572	M1654	ME_M1572	ME_M1654
34	43	0.0085	M158	M1654	ME_M158	ME_M1654
35	43	0.005	M1582	M1654	ME_M1582	ME_M1654
36	43	0.005	M1592	M1654	ME_M1592	ME_M1654
37	43	0.003	M1599	M1654	ME_M1599	ME_M1654
38	43	0.048	M1640	M1654	ME_M1640	ME_M1654
39	43	0.008	M1643	M1654	ME_M1643	ME_M1654
40	43	0.007	M1644	M1654	ME_M1644	ME_M1654
41	43	0.057	M1649	M1654	ME_M1649	ME_M1654
42	43	0.141	M1650	M1654	ME_M1650	ME_M1654
44	43	0.021	M1710	M1654	ME_M1710	ME_M1654
45	43	0.0995	M1823	M1654	ME_M1823	ME_M1654
46	43	0.3425	M1849	M1654	ME_M1849	ME_M1654
47	43	0.0135	M1861	M1654	ME_M1861	ME_M1654
48	43	0.002	M187	M1654	ME_M187	ME_M1654
49	43	0.0005	M188	M1654	ME_M188	ME_M1654
50	43	0.006	M189	M1654	ME_M189	ME_M1654
51	43	0.006	M1903	M1654	ME_M1903	ME_M1654
52	43	0.0015	M1904	M1654	ME_M1904	ME_M1654
53	43	0.005	M191	M1654	ME_M191	ME_M1654
54	43	0.0095	M1918	M1654	ME_M1918	ME_M1654
55	43	0.0035	M192	M1654	ME_M192	ME_M1654
56	43	0.003	M193	M1654	ME_M193	ME_M1654
57	43	0.003	M1969	M1654	ME_M1969	ME_M1654
58	43	0.009	M2198	M1654	ME_M2198	ME_M1654
59	43	0.0005	M229	M1654	ME_M229	ME_M1654
60	43	0.0045	M34	M1654	ME_M34	ME_M1654
61	43	0.029	M376	M1654	ME_M376	ME_M1654
62	43	0.0025	M38	M1654	ME_M38	ME_M1654
63	43	0.0055	M396	M1654	ME_M396	ME_M1654
64	43	0.203	M56	M1654	ME_M56	ME_M1654
65	43	0.0145	M59	M1654	ME_M59	ME_M1654
66	43	0.1005	M635	M1654	ME_M635	ME_M1654
67	43	0.041	M637	M1654	ME_M637	ME_M1654
68	43	0.0485	M644	M1654	ME_M644	ME_M1654
69	43	0.0055	M65	M1654	ME_M65	ME_M1654
70	43	0.104	M660	M1654	ME_M660	ME_M1654
71	43	0.019	M68	M1654	ME_M68	ME_M1654
72	43	0.002	M736	M1654	ME_M736	ME_M1654
73	43	0.0295	M737	M1654	ME_M737	ME_M1654
74	43	0.005	M742	M1654	ME_M742	ME_M1654
75	43	0.0125	M744	M1654	ME_M744	ME_M1654
76	43	0.0135	M883	M1654	ME_M883	ME_M1654
77	43	0.0025	M91	M1654	ME_M91	ME_M1654
78	43	0.035	M92	M1654	ME_M92	ME_M1654
79	43	0.0095	M93	M1654	ME_M93	ME_M1654
80	43	0.012	M936	M1654	ME_M936	ME_M1654
1	44	0.006	M1024	M1710	ME_M1024	ME_M1710
2	44	0.1135	M1046	M1710	ME_M1046	ME_M1710
3	44	0.001	M1115	M1710	ME_M1115	ME_M1710
4	44	0.0115	M1158	M1710	ME_M1158	ME_M1710
5	44	0.2605	M1196	M1710	ME_M1196	ME_M1710
6	44	0.2605	M1198	M1710	ME_M1198	ME_M1710
7	44	0.0205	M1206	M1710	ME_M1206	ME_M1710
8	44	0.001	M1263	M1710	ME_M1263	ME_M1710
9	44	0.01	M1304	M1710	ME_M1304	ME_M1710
10	44	0.002	M1308	M1710	ME_M1308	ME_M1710
11	44	0.0025	M1313	M1710	ME_M1313	ME_M1710
12	44	0.001	M1314	M1710	ME_M1314	ME_M1710
13	44	0.0045	M1317	M1710	ME_M1317	ME_M1710
14	44	0.0025	M1403	M1710	ME_M1403	ME_M1710
15	44	0.0105	M1405	M1710	ME_M1405	ME_M1710
16	44	0.006	M144	M1710	ME_M144	ME_M1710
17	44	0.003	M1460	M1710	ME_M1460	ME_M1710
18	44	0.0035	M1464	M1710	ME_M1464	ME_M1710
19	44	0.158	M1477	M1710	ME_M1477	ME_M1710
20	44	0.008	M1505	M1710	ME_M1505	ME_M1710
21	44	0.0235	M1506	M1710	ME_M1506	ME_M1710
22	44	0.008	M1508	M1710	ME_M1508	ME_M1710
23	44	0.0055	M1509	M1710	ME_M1509	ME_M1710
24	44	0.0055	M1510	M1710	ME_M1510	ME_M1710
25	44	0.0025	M1537	M1710	ME_M1537	ME_M1710
26	44	0.003	M154	M1710	ME_M154	ME_M1710
27	44	0.0015	M1543	M1710	ME_M1543	ME_M1710
28	44	0.001	M1547	M1710	ME_M1547	ME_M1710
29	44	0.1425	M1548	M1710	ME_M1548	ME_M1710
30	44	0.073	M1556	M1710	ME_M1556	ME_M1710
31	44	0.0245	M1557	M1710	ME_M1557	ME_M1710
32	44	0.004	M1564	M1710	ME_M1564	ME_M1710
33	44	0.0025	M1572	M1710	ME_M1572	ME_M1710
34	44	0.012	M158	M1710	ME_M158	ME_M1710
35	44	0.0755	M1582	M1710	ME_M1582	ME_M1710
36	44	0.0105	M1592	M1710	ME_M1592	ME_M1710
37	44	0.0085	M1599	M1710	ME_M1599	ME_M1710
38	44	0.003	M1640	M1710	ME_M1640	ME_M1710
39	44	0.0055	M1643	M1710	ME_M1643	ME_M1710
40	44	0.085	M1644	M1710	ME_M1644	ME_M1710
41	44	0.0145	M1649	M1710	ME_M1649	ME_M1710
42	44	0.0035	M1650	M1710	ME_M1650	ME_M1710
43	44	0.017	M1654	M1710	ME_M1654	ME_M1710
45	44	0.005	M1823	M1710	ME_M1823	ME_M1710
46	44	0.005	M1849	M1710	ME_M1849	ME_M1710
47	44	0.1505	M1861	M1710	ME_M1861	ME_M1710
48	44	0.002	M187	M1710	ME_M187	ME_M1710
49	44	0.048	M188	M1710	ME_M188	ME_M1710
51	44	0.0015	M1903	M1710	ME_M1903	ME_M1710
52	44	0.0225	M1904	M1710	ME_M1904	ME_M1710
53	44	0.0015	M191	M1710	ME_M191	ME_M1710
54	44	0.008	M1918	M1710	ME_M1918	ME_M1710
55	44	0.003	M192	M1710	ME_M192	ME_M1710
56	44	0.0255	M193	M1710	ME_M193	ME_M1710
57	44	0.003	M1969	M1710	ME_M1969	ME_M1710
58	44	0.344	M2198	M1710	ME_M2198	ME_M1710
59	44	0.0035	M229	M1710	ME_M229	ME_M1710
60	44	0.0335	M34	M1710	ME_M34	ME_M1710
61	44	0.012	M376	M1710	ME_M376	ME_M1710
62	44	0.022	M38	M1710	ME_M38	ME_M1710
63	44	0.0455	M396	M1710	ME_M396	ME_M1710
64	44	0.006	M56	M1710	ME_M56	ME_M1710
65	44	0.014	M59	M1710	ME_M59	ME_M1710
66	44	0.0565	M635	M1710	ME_M635	ME_M1710
67	44	0.023	M637	M1710	ME_M637	ME_M1710
68	44	0.013	M644	M1710	ME_M644	ME_M1710
69	44	0.011	M65	M1710	ME_M65	ME_M1710
70	44	0.0295	M660	M1710	ME_M660	ME_M1710
71	44	0.238	M68	M1710	ME_M68	ME_M1710
72	44	0.008	M736	M1710	ME_M736	ME_M1710
74	44	0.004	M742	M1710	ME_M742	ME_M1710
75	44	0.0015	M744	M1710	ME_M744	ME_M1710
76	44	0.28	M883	M1710	ME_M883	ME_M1710
77	44	0.005	M91	M1710	ME_M91	ME_M1710
78	44	0.003	M92	M1710	ME_M92	ME_M1710
79	44	0.008	M93	M1710	ME_M93	ME_M1710
80	44	0.007	M936	M1710	ME_M936	ME_M1710
1	45	0.0015	M1024	M1823	ME_M1024	ME_M1823
2	45	0.071	M1046	M1823	ME_M1046	ME_M1823
3	45	0.0025	M1115	M1823	ME_M1115	ME_M1823
4	45	0.03	M1158	M1823	ME_M1158	ME_M1823
5	45	0.051	M1196	M1823	ME_M1196	ME_M1823
6	45	0.117	M1198	M1823	ME_M1198	ME_M1823
7	45	0.0045	M1206	M1823	ME_M1206	ME_M1823
8	45	0.0035	M1263	M1823	ME_M1263	ME_M1823
9	45	0.005	M1304	M1823	ME_M1304	ME_M1823
11	45	0.001	M1313	M1823	ME_M1313	ME_M1823
12	45	0.0035	M1314	M1823	ME_M1314	ME_M1823
13	45	0.0105	M1317	M1823	ME_M1317	ME_M1823
14	45	0.001	M1403	M1823	ME_M1403	ME_M1823
15	45	0.002	M1405	M1823	ME_M1405	ME_M1823
16	45	0.0065	M144	M1823	ME_M144	ME_M1823
17	45	0.0045	M1460	M1823	ME_M1460	ME_M1823
19	45	0.0205	M1477	M1823	ME_M1477	ME_M1823
20	45	0.01	M1505	M1823	ME_M1505	ME_M1823
21	45	0.0015	M1506	M1823	ME_M1506	ME_M1823
22	45	0.0025	M1508	M1823	ME_M1508	ME_M1823
23	45	0.005	M1509	M1823	ME_M1509	ME_M1823
24	45	0.001	M1510	M1823	ME_M1510	ME_M1823
25	45	0.0015	M1537	M1823	ME_M1537	ME_M1823
26	45	0.0185	M154	M1823	ME_M154	ME_M1823
27	45	0.002	M1543	M1823	ME_M1543	ME_M1823
28	45	0.001	M1547	M1823	ME_M1547	ME_M1823
29	45	0.027	M1548	M1823	ME_M1548	ME_M1823
30	45	0.008	M1556	M1823	ME_M1556	ME_M1823
31	45	0.009	M1557	M1823	ME_M1557	ME_M1823
32	45	0.002	M1564	M1823	ME_M1564	ME_M1823
34	45	0.0145	M158	M1823	ME_M158	ME_M1823
35	45	0.0025	M1582	M1823	ME_M1582	ME_M1823
36	45	0.0015	M1592	M1823	ME_M1592	ME_M1823
37	45	0.0005	M1599	M1823	ME_M1599	ME_M1823
38	45	0.001	M1640	M1823	ME_M1640	ME_M1823
39	45	0.002	M1643	M1823	ME_M1643	ME_M1823
40	45	0.382	M1644	M1823	ME_M1644	ME_M1823
41	45	0.002	M1649	M1823	ME_M1649	ME_M1823
42	45	0.029	M1650	M1823	ME_M1650	ME_M1823
43	45	0.1955	M1654	M1823	ME_M1654	ME_M1823
44	45	0.007	M1710	M1823	ME_M1710	ME_M1823
46	45	0.413	M1849	M1823	ME_M1849	ME_M1823
47	45	0.522	M1861	M1823	ME_M1861	ME_M1823
48	45	0.0015	M187	M1823	ME_M187	ME_M1823
49	45	0.0055	M188	M1823	ME_M188	ME_M1823
50	45	0.003	M189	M1823	ME_M189	ME_M1823
52	45	0.0065	M1904	M1823	ME_M1904	ME_M1823
53	45	0.0005	M191	M1823	ME_M191	ME_M1823
54	45	0.018	M1918	M1823	ME_M1918	ME_M1823
55	45	0.003	M192	M1823	ME_M192	ME_M1823
56	45	0.0115	M193	M1823	ME_M193	ME_M1823
57	45	0.0085	M1969	M1823	ME_M1969	ME_M1823
58	45	0.0085	M2198	M1823	ME_M2198	ME_M1823
59	45	0.0005	M229	M1823	ME_M229	ME_M1823
60	45	0.003	M34	M1823	ME_M34	ME_M1823
61	45	0.031	M376	M1823	ME_M376	ME_M1823
62	45	0.0015	M38	M1823	ME_M38	ME_M1823
63	45	0.008	M396	M1823	ME_M396	ME_M1823
64	45	0.0155	M56	M1823	ME_M56	ME_M1823
65	45	0.005	M59	M1823	ME_M59	ME_M1823
66	45	0.0035	M635	M1823	ME_M635	ME_M1823
67	45	0.016	M637	M1823	ME_M637	ME_M1823
68	45	0.003	M644	M1823	ME_M644	ME_M1823
69	45	0.0045	M65	M1823	ME_M65	ME_M1823
70	45	0.308	M660	M1823	ME_M660	ME_M1823
71	45	0.0575	M68	M1823	ME_M68	ME_M1823
72	45	0.0005	M736	M1823	ME_M736	ME_M1823
73	45	0.0035	M737	M1823	ME_M737	ME_M1823
74	45	0.001	M742	M1823	ME_M742	ME_M1823
75	45	0.004	M744	M1823	ME_M744	ME_M1823
76	45	0.188	M883	M1823	ME_M883	ME_M1823
77	45	0.023	M91	M1823	ME_M91	ME_M1823
78	45	0.037	M92	M1823	ME_M92	ME_M1823
79	45	0.0495	M93	M1823	ME_M93	ME_M1823
80	45	0.0045	M936	M1823	ME_M936	ME_M1823
1	46	0.001	M1024	M1849	ME_M1024	ME_M1849
2	46	0.0095	M1046	M1849	ME_M1046	ME_M1849
3	46	0.0015	M1115	M1849	ME_M1115	ME_M1849
4	46	0.0255	M1158	M1849	ME_M1158	ME_M1849
5	46	0.007	M1196	M1849	ME_M1196	ME_M1849
6	46	0.0095	M1198	M1849	ME_M1198	ME_M1849
7	46	0.004	M1206	M1849	ME_M1206	ME_M1849
8	46	0.0005	M1263	M1849	ME_M1263	ME_M1849
9	46	0.4615	M1304	M1849	ME_M1304	ME_M1849
10	46	0.0005	M1308	M1849	ME_M1308	ME_M1849
11	46	0.0015	M1313	M1849	ME_M1313	ME_M1849
12	46	0.0005	M1314	M1849	ME_M1314	ME_M1849
13	46	0.0075	M1317	M1849	ME_M1317	ME_M1849
14	46	0.0045	M1403	M1849	ME_M1403	ME_M1849
15	46	0.09	M1405	M1849	ME_M1405	ME_M1849
16	46	0.0445	M144	M1849	ME_M144	ME_M1849
17	46	0.0055	M1460	M1849	ME_M1460	ME_M1849
18	46	0.001	M1464	M1849	ME_M1464	ME_M1849
19	46	0.008	M1477	M1849	ME_M1477	ME_M1849
20	46	0.0055	M1505	M1849	ME_M1505	ME_M1849
21	46	0.006	M1506	M1849	ME_M1506	ME_M1849
22	46	0.015	M1508	M1849	ME_M1508	ME_M1849
23	46	0.004	M1509	M1849	ME_M1509	ME_M1849
24	46	0.0265	M1510	M1849	ME_M1510	ME_M1849
25	46	0.0015	M1537	M1849	ME_M1537	ME_M1849
26	46	0.026	M154	M1849	ME_M154	ME_M1849
27	46	0.0035	M1543	M1849	ME_M1543	ME_M1849
28	46	0.0015	M1547	M1849	ME_M1547	ME_M1849
29	46	0.0125	M1548	M1849	ME_M1548	ME_M1849
30	46	0.017	M1556	M1849	ME_M1556	ME_M1849
31	46	0.007	M1557	M1849	ME_M1557	ME_M1849
32	46	0.0285	M1564	M1849	ME_M1564	ME_M1849
33	46	0.0015	M1572	M1849	ME_M1572	ME_M1849
34	46	0.1645	M158	M1849	ME_M158	ME_M1849
35	46	0.001	M1582	M1849	ME_M1582	ME_M1849
36	46	0.002	M1592	M1849	ME_M1592	ME_M1849
37	46	0.001	M1599	M1849	ME_M1599	ME_M1849
38	46	0.002	M1640	M1849	ME_M1640	ME_M1849
39	46	0.0005	M1643	M1849	ME_M1643	ME_M1849
40	46	0.0085	M1644	M1849	ME_M1644	ME_M1849
41	46	0.005	M1649	M1849	ME_M1649	ME_M1849
42	46	0.009	M1650	M1849	ME_M1650	ME_M1849
43	46	0.1885	M1654	M1849	ME_M1654	ME_M1849
44	46	0.0005	M1710	M1849	ME_M1710	ME_M1849
45	46	0.3785	M1823	M1849	ME_M1823	ME_M1849
47	46	0.015	M1861	M1849	ME_M1861	ME_M1849
48	46	0.0005	M187	M1849	ME_M187	ME_M1849
49	46	0.01	M188	M1849	ME_M188	ME_M1849
50	46	0.001	M189	M1849	ME_M189	ME_M1849
51	46	0.0015	M1903	M1849	ME_M1903	ME_M1849
52	46	0.001	M1904	M1849	ME_M1904	ME_M1849
53	46	0.002	M191	M1849	ME_M191	ME_M1849
54	46	0.2505	M1918	M1849	ME_M1918	ME_M1849
55	46	0.0065	M192	M1849	ME_M192	ME_M1849
56	46	0.0015	M193	M1849	ME_M193	ME_M1849
57	46	0.0015	M1969	M1849	ME_M1969	ME_M1849
58	46	0.002	M2198	M1849	ME_M2198	ME_M1849
60	46	0.003	M34	M1849	ME_M34	ME_M1849
61	46	0.0335	M376	M1849	ME_M376	ME_M1849
62	46	0.003	M38	M1849	ME_M38	ME_M1849
63	46	0.0035	M396	M1849	ME_M396	ME_M1849
64	46	0.013	M56	M1849	ME_M56	ME_M1849
65	46	0.0055	M59	M1849	ME_M59	ME_M1849
66	46	0.0145	M635	M1849	ME_M635	ME_M1849
67	46	0.045	M637	M1849	ME_M637	ME_M1849
68	46	0.002	M644	M1849	ME_M644	ME_M1849
69	46	0.0165	M65	M1849	ME_M65	ME_M1849
70	46	0.077	M660	M1849	ME_M660	ME_M1849
71	46	0.0255	M68	M1849	ME_M68	ME_M1849
72	46	0.001	M736	M1849	ME_M736	ME_M1849
73	46	0.006	M737	M1849	ME_M737	ME_M1849
75	46	0.0075	M744	M1849	ME_M744	ME_M1849
76	46	0.018	M883	M1849	ME_M883	ME_M1849
77	46	0.015	M91	M1849	ME_M91	ME_M1849
78	46	0.33	M92	M1849	ME_M92	ME_M1849
79	46	0.293	M93	M1849	ME_M93	ME_M1849
80	46	0.0065	M936	M1849	ME_M936	ME_M1849
1	47	0.0095	M1024	M1861	ME_M1024	ME_M1861
2	47	0.0115	M1046	M1861	ME_M1046	ME_M1861
3	47	0.0005	M1115	M1861	ME_M1115	ME_M1861
4	47	0.011	M1158	M1861	ME_M1158	ME_M1861
5	47	0.005	M1196	M1861	ME_M1196	ME_M1861
6	47	0.007	M1198	M1861	ME_M1198	ME_M1861
7	47	0.004	M1206	M1861	ME_M1206	ME_M1861
8	47	0.0005	M1263	M1861	ME_M1263	ME_M1861
9	47	0.007	M1304	M1861	ME_M1304	ME_M1861
11	47	0.0005	M1313	M1861	ME_M1313	ME_M1861
12	47	0.0005	M1314	M1861	ME_M1314	ME_M1861
13	47	0.019	M1317	M1861	ME_M1317	ME_M1861
14	47	0.0115	M1403	M1861	ME_M1403	ME_M1861
15	47	0.0015	M1405	M1861	ME_M1405	ME_M1861
16	47	0.0215	M144	M1861	ME_M144	ME_M1861
17	47	0.0045	M1460	M1861	ME_M1460	ME_M1861
18	47	0.0025	M1464	M1861	ME_M1464	ME_M1861
19	47	0.0095	M1477	M1861	ME_M1477	ME_M1861
20	47	0.0065	M1505	M1861	ME_M1505	ME_M1861
21	47	0.006	M1506	M1861	ME_M1506	ME_M1861
22	47	0.025	M1508	M1861	ME_M1508	ME_M1861
23	47	0.0065	M1509	M1861	ME_M1509	ME_M1861
24	47	0.0015	M1510	M1861	ME_M1510	ME_M1861
26	47	0.1355	M154	M1861	ME_M154	ME_M1861
27	47	0.0005	M1543	M1861	ME_M1543	ME_M1861
28	47	0.0005	M1547	M1861	ME_M1547	ME_M1861
29	47	0.0015	M1548	M1861	ME_M1548	ME_M1861
30	47	0.027	M1556	M1861	ME_M1556	ME_M1861
31	47	0.0195	M1557	M1861	ME_M1557	ME_M1861
32	47	0.0015	M1564	M1861	ME_M1564	ME_M1861
33	47	0.0005	M1572	M1861	ME_M1572	ME_M1861
34	47	0.095	M158	M1861	ME_M158	ME_M1861
35	47	0.0015	M1582	M1861	ME_M1582	ME_M1861
36	47	0.001	M1592	M1861	ME_M1592	ME_M1861
37	47	0.006	M1599	M1861	ME_M1599	ME_M1861
38	47	0.0055	M1640	M1861	ME_M1640	ME_M1861
39	47	0.005	M1643	M1861	ME_M1643	ME_M1861
40	47	0.123	M1644	M1861	ME_M1644	ME_M1861
41	47	0.002	M1649	M1861	ME_M1649	ME_M1861
42	47	0.007	M1650	M1861	ME_M1650	ME_M1861
43	47	0.0255	M1654	M1861	ME_M1654	ME_M1861
44	47	0.042	M1710	M1861	ME_M1710	ME_M1861
45	47	0.142	M1823	M1861	ME_M1823	ME_M1861
46	47	0.012	M1849	M1861	ME_M1849	ME_M1861
49	47	0.0035	M188	M1861	ME_M188	ME_M1861
51	47	0.0005	M1903	M1861	ME_M1903	ME_M1861
52	47	0.006	M1904	M1861	ME_M1904	ME_M1861
54	47	0.557	M1918	M1861	ME_M1918	ME_M1861
55	47	0.0015	M192	M1861	ME_M192	ME_M1861
56	47	0.0045	M193	M1861	ME_M193	ME_M1861
57	47	0.0065	M1969	M1861	ME_M1969	ME_M1861
58	47	0.0185	M2198	M1861	ME_M2198	ME_M1861
59	47	0.001	M229	M1861	ME_M229	ME_M1861
60	47	0.02	M34	M1861	ME_M34	ME_M1861
61	47	0.0075	M376	M1861	ME_M376	ME_M1861
62	47	0.0135	M38	M1861	ME_M38	ME_M1861
63	47	0.214	M396	M1861	ME_M396	ME_M1861
64	47	0.018	M56	M1861	ME_M56	ME_M1861
65	47	0.0115	M59	M1861	ME_M59	ME_M1861
66	47	0.009	M635	M1861	ME_M635	ME_M1861
67	47	0.052	M637	M1861	ME_M637	ME_M1861
68	47	0.0015	M644	M1861	ME_M644	ME_M1861
69	47	0.0155	M65	M1861	ME_M65	ME_M1861
70	47	0.032	M660	M1861	ME_M660	ME_M1861
71	47	0.606	M68	M1861	ME_M68	ME_M1861
73	47	0.0005	M737	M1861	ME_M737	ME_M1861
76	47	0.0045	M883	M1861	ME_M883	ME_M1861
77	47	0.0135	M91	M1861	ME_M91	ME_M1861
78	47	0.014	M92	M1861	ME_M92	ME_M1861
79	47	0.3995	M93	M1861	ME_M93	ME_M1861
80	47	0.002	M936	M1861	ME_M936	ME_M1861
1	48	0.002	M1024	M187	ME_M1024	ME_M187
2	48	0.0095	M1046	M187	ME_M1046	ME_M187
3	48	0.0035	M1115	M187	ME_M1115	ME_M187
4	48	0.014	M1158	M187	ME_M1158	ME_M187
5	48	0.0595	M1196	M187	ME_M1196	ME_M187
6	48	0.012	M1198	M187	ME_M1198	ME_M187
7	48	0.0645	M1206	M187	ME_M1206	ME_M187
8	48	0.005	M1263	M187	ME_M1263	ME_M187
9	48	0.004	M1304	M187	ME_M1304	ME_M187
11	48	0.0005	M1313	M187	ME_M1313	ME_M187
12	48	0.0005	M1314	M187	ME_M1314	ME_M187
13	48	0.033	M1317	M187	ME_M1317	ME_M187
14	48	0.006	M1403	M187	ME_M1403	ME_M187
15	48	0.0845	M1405	M187	ME_M1405	ME_M187
16	48	0.654	M144	M187	ME_M144	ME_M187
17	48	0.097	M1460	M187	ME_M1460	ME_M187
18	48	0.0105	M1464	M187	ME_M1464	ME_M187
19	48	0.0045	M1477	M187	ME_M1477	ME_M187
20	48	0.0115	M1505	M187	ME_M1505	ME_M187
21	48	0.069	M1506	M187	ME_M1506	ME_M187
22	48	0.0215	M1508	M187	ME_M1508	ME_M187
23	48	0.008	M1509	M187	ME_M1509	ME_M187
24	48	0.0495	M1510	M187	ME_M1510	ME_M187
25	48	0.0005	M1537	M187	ME_M1537	ME_M187
26	48	0.346	M154	M187	ME_M154	ME_M187
27	48	0.0605	M1543	M187	ME_M1543	ME_M187
28	48	0.003	M1547	M187	ME_M1547	ME_M187
29	48	0.019	M1548	M187	ME_M1548	ME_M187
30	48	0.0265	M1556	M187	ME_M1556	ME_M187
31	48	0.005	M1557	M187	ME_M1557	ME_M187
32	48	0.0115	M1564	M187	ME_M1564	ME_M187
33	48	0.0035	M1572	M187	ME_M1572	ME_M187
34	48	0.2075	M158	M187	ME_M158	ME_M187
35	48	0.0245	M1582	M187	ME_M1582	ME_M187
36	48	0.001	M1592	M187	ME_M1592	ME_M187
37	48	0.027	M1599	M187	ME_M1599	ME_M187
38	48	0.004	M1640	M187	ME_M1640	ME_M187
39	48	0.001	M1643	M187	ME_M1643	ME_M187
40	48	0.0175	M1644	M187	ME_M1644	ME_M187
41	48	0.0055	M1649	M187	ME_M1649	ME_M187
42	48	0.001	M1650	M187	ME_M1650	ME_M187
43	48	0.004	M1654	M187	ME_M1654	ME_M187
44	48	0.003	M1710	M187	ME_M1710	ME_M187
45	48	0.0045	M1823	M187	ME_M1823	ME_M187
46	48	0.0015	M1849	M187	ME_M1849	ME_M187
47	48	0.0015	M1861	M187	ME_M1861	ME_M187
49	48	0.0425	M188	M187	ME_M188	ME_M187
50	48	0.041	M189	M187	ME_M189	ME_M187
51	48	0.043	M1903	M187	ME_M1903	ME_M187
52	48	0.0005	M1904	M187	ME_M1904	ME_M187
53	48	0.022	M191	M187	ME_M191	ME_M187
54	48	0.002	M1918	M187	ME_M1918	ME_M187
55	48	0.0075	M192	M187	ME_M192	ME_M187
56	48	0.568	M193	M187	ME_M193	ME_M187
57	48	0.0015	M1969	M187	ME_M1969	ME_M187
58	48	0.004	M2198	M187	ME_M2198	ME_M187
59	48	0.0095	M229	M187	ME_M229	ME_M187
60	48	0.006	M34	M187	ME_M34	ME_M187
61	48	0.005	M376	M187	ME_M376	ME_M187
62	48	0.0165	M38	M187	ME_M38	ME_M187
63	48	0.0045	M396	M187	ME_M396	ME_M187
64	48	0.0055	M56	M187	ME_M56	ME_M187
65	48	0.0125	M59	M187	ME_M59	ME_M187
66	48	0.005	M635	M187	ME_M635	ME_M187
67	48	0.0065	M637	M187	ME_M637	ME_M187
68	48	0.018	M644	M187	ME_M644	ME_M187
69	48	0.003	M65	M187	ME_M65	ME_M187
70	48	0.004	M660	M187	ME_M660	ME_M187
71	48	0.0015	M68	M187	ME_M68	ME_M187
72	48	0.001	M736	M187	ME_M736	ME_M187
73	48	0.0025	M737	M187	ME_M737	ME_M187
74	48	0.0005	M742	M187	ME_M742	ME_M187
75	48	0.0025	M744	M187	ME_M744	ME_M187
76	48	0.01	M883	M187	ME_M883	ME_M187
77	48	0.0045	M91	M187	ME_M91	ME_M187
78	48	0.005	M92	M187	ME_M92	ME_M187
79	48	0.0105	M93	M187	ME_M93	ME_M187
80	48	0.042	M936	M187	ME_M936	ME_M187
2	49	0.0135	M1046	M188	ME_M1046	ME_M188
3	49	0.001	M1115	M188	ME_M1115	ME_M188
4	49	0.0035	M1158	M188	ME_M1158	ME_M188
5	49	0.011	M1196	M188	ME_M1196	ME_M188
6	49	0.017	M1198	M188	ME_M1198	ME_M188
7	49	0.0255	M1206	M188	ME_M1206	ME_M188
8	49	0.0095	M1263	M188	ME_M1263	ME_M188
9	49	0.0095	M1304	M188	ME_M1304	ME_M188
10	49	0.0015	M1308	M188	ME_M1308	ME_M188
11	49	0.002	M1313	M188	ME_M1313	ME_M188
12	49	0.0015	M1314	M188	ME_M1314	ME_M188
13	49	0.14	M1317	M188	ME_M1317	ME_M188
14	49	0.0005	M1403	M188	ME_M1403	ME_M188
15	49	0.005	M1405	M188	ME_M1405	ME_M188
16	49	0.0445	M144	M188	ME_M144	ME_M188
17	49	0.0075	M1460	M188	ME_M1460	ME_M188
18	49	0.001	M1464	M188	ME_M1464	ME_M188
19	49	0.01	M1477	M188	ME_M1477	ME_M188
20	49	0.0065	M1505	M188	ME_M1505	ME_M188
21	49	0.0075	M1506	M188	ME_M1506	ME_M188
22	49	0.007	M1508	M188	ME_M1508	ME_M188
23	49	0.003	M1509	M188	ME_M1509	ME_M188
24	49	0.0055	M1510	M188	ME_M1510	ME_M188
25	49	0.0005	M1537	M188	ME_M1537	ME_M188
26	49	0.0255	M154	M188	ME_M154	ME_M188
27	49	0.0015	M1543	M188	ME_M1543	ME_M188
29	49	0.0135	M1548	M188	ME_M1548	ME_M188
30	49	0.006	M1556	M188	ME_M1556	ME_M188
31	49	0.0415	M1557	M188	ME_M1557	ME_M188
32	49	0.0095	M1564	M188	ME_M1564	ME_M188
33	49	0.0045	M1572	M188	ME_M1572	ME_M188
34	49	0.041	M158	M188	ME_M158	ME_M188
35	49	0.0045	M1582	M188	ME_M1582	ME_M188
36	49	0.0065	M1592	M188	ME_M1592	ME_M188
37	49	0.004	M1599	M188	ME_M1599	ME_M188
38	49	0.004	M1640	M188	ME_M1640	ME_M188
39	49	0.002	M1643	M188	ME_M1643	ME_M188
40	49	0.012	M1644	M188	ME_M1644	ME_M188
41	49	0.003	M1649	M188	ME_M1649	ME_M188
42	49	0.0015	M1650	M188	ME_M1650	ME_M188
43	49	0.003	M1654	M188	ME_M1654	ME_M188
44	49	0.0675	M1710	M188	ME_M1710	ME_M188
45	49	0.0305	M1823	M188	ME_M1823	ME_M188
46	49	0.1995	M1849	M188	ME_M1849	ME_M188
47	49	0.0165	M1861	M188	ME_M1861	ME_M188
48	49	0.0185	M187	M188	ME_M187	ME_M188
50	49	0.009	M189	M188	ME_M189	ME_M188
51	49	0.0125	M1903	M188	ME_M1903	ME_M188
52	49	0.001	M1904	M188	ME_M1904	ME_M188
53	49	0.0025	M191	M188	ME_M191	ME_M188
54	49	0.007	M1918	M188	ME_M1918	ME_M188
55	49	0.013	M192	M188	ME_M192	ME_M188
56	49	0.0015	M193	M188	ME_M193	ME_M188
57	49	0.001	M1969	M188	ME_M1969	ME_M188
58	49	0.0035	M2198	M188	ME_M2198	ME_M188
59	49	0.117	M229	M188	ME_M229	ME_M188
60	49	0.462	M34	M188	ME_M34	ME_M188
61	49	0.0075	M376	M188	ME_M376	ME_M188
62	49	0.3215	M38	M188	ME_M38	ME_M188
63	49	0.228	M396	M188	ME_M396	ME_M188
64	49	0.0985	M56	M188	ME_M56	ME_M188
65	49	0.0045	M59	M188	ME_M59	ME_M188
66	49	0.002	M635	M188	ME_M635	ME_M188
67	49	0.0075	M637	M188	ME_M637	ME_M188
68	49	0.0085	M644	M188	ME_M644	ME_M188
69	49	0.023	M65	M188	ME_M65	ME_M188
70	49	0.025	M660	M188	ME_M660	ME_M188
71	49	0.1845	M68	M188	ME_M68	ME_M188
72	49	0.0015	M736	M188	ME_M736	ME_M188
73	49	0.003	M737	M188	ME_M737	ME_M188
74	49	0.0045	M742	M188	ME_M742	ME_M188
75	49	0.0005	M744	M188	ME_M744	ME_M188
76	49	0.0905	M883	M188	ME_M883	ME_M188
77	49	0.007	M91	M188	ME_M91	ME_M188
78	49	0.052	M92	M188	ME_M92	ME_M188
79	49	0.3105	M93	M188	ME_M93	ME_M188
80	49	0.037	M936	M188	ME_M936	ME_M188
1	50	0.0065	M1024	M189	ME_M1024	ME_M189
2	50	0.011	M1046	M189	ME_M1046	ME_M189
3	50	0.004	M1115	M189	ME_M1115	ME_M189
4	50	0.003	M1158	M189	ME_M1158	ME_M189
5	50	0.006	M1196	M189	ME_M1196	ME_M189
6	50	0.003	M1198	M189	ME_M1198	ME_M189
7	50	0.005	M1206	M189	ME_M1206	ME_M189
8	50	0.332	M1263	M189	ME_M1263	ME_M189
9	50	0.0145	M1304	M189	ME_M1304	ME_M189
10	50	0.0015	M1308	M189	ME_M1308	ME_M189
11	50	0.0005	M1313	M189	ME_M1313	ME_M189
12	50	0.0035	M1314	M189	ME_M1314	ME_M189
13	50	0.0265	M1317	M189	ME_M1317	ME_M189
14	50	0.012	M1403	M189	ME_M1403	ME_M189
15	50	0.021	M1405	M189	ME_M1405	ME_M189
16	50	0.0235	M144	M189	ME_M144	ME_M189
17	50	0.0055	M1460	M189	ME_M1460	ME_M189
18	50	0.019	M1464	M189	ME_M1464	ME_M189
19	50	0.0035	M1477	M189	ME_M1477	ME_M189
20	50	0.005	M1505	M189	ME_M1505	ME_M189
21	50	0.0075	M1506	M189	ME_M1506	ME_M189
22	50	0.0045	M1508	M189	ME_M1508	ME_M189
23	50	0.0075	M1509	M189	ME_M1509	ME_M189
24	50	0.3225	M1510	M189	ME_M1510	ME_M189
25	50	0.0015	M1537	M189	ME_M1537	ME_M189
26	50	0.0115	M154	M189	ME_M154	ME_M189
27	50	0.1285	M1543	M189	ME_M1543	ME_M189
28	50	0.0015	M1547	M189	ME_M1547	ME_M189
29	50	0.017	M1548	M189	ME_M1548	ME_M189
30	50	0.003	M1556	M189	ME_M1556	ME_M189
31	50	0.005	M1557	M189	ME_M1557	ME_M189
32	50	0.0055	M1564	M189	ME_M1564	ME_M189
33	50	0.011	M1572	M189	ME_M1572	ME_M189
34	50	0.009	M158	M189	ME_M158	ME_M189
35	50	0.0005	M1582	M189	ME_M1582	ME_M189
36	50	0.207	M1592	M189	ME_M1592	ME_M189
37	50	0.0015	M1599	M189	ME_M1599	ME_M189
38	50	0.008	M1640	M189	ME_M1640	ME_M189
39	50	0.0065	M1643	M189	ME_M1643	ME_M189
40	50	0.0055	M1644	M189	ME_M1644	ME_M189
41	50	0.0035	M1649	M189	ME_M1649	ME_M189
42	50	0.0365	M1650	M189	ME_M1650	ME_M189
43	50	0.054	M1654	M189	ME_M1654	ME_M189
44	50	0.003	M1710	M189	ME_M1710	ME_M189
45	50	0.023	M1823	M189	ME_M1823	ME_M189
46	50	0.0005	M1849	M189	ME_M1849	ME_M189
47	50	0.002	M1861	M189	ME_M1861	ME_M189
48	50	0.613	M187	M189	ME_M187	ME_M189
49	50	0.0155	M188	M189	ME_M188	ME_M189
51	50	0.002	M1903	M189	ME_M1903	ME_M189
52	50	0.0005	M1904	M189	ME_M1904	ME_M189
53	50	0.011	M191	M189	ME_M191	ME_M189
54	50	0.002	M1918	M189	ME_M1918	ME_M189
55	50	0.025	M192	M189	ME_M192	ME_M189
56	50	0.064	M193	M189	ME_M193	ME_M189
57	50	0.001	M1969	M189	ME_M1969	ME_M189
58	50	0.0035	M2198	M189	ME_M2198	ME_M189
59	50	0.1205	M229	M189	ME_M229	ME_M189
60	50	0.0035	M34	M189	ME_M34	ME_M189
61	50	0.0075	M376	M189	ME_M376	ME_M189
62	50	0.011	M38	M189	ME_M38	ME_M189
63	50	0.002	M396	M189	ME_M396	ME_M189
64	50	0.015	M56	M189	ME_M56	ME_M189
65	50	0.006	M59	M189	ME_M59	ME_M189
66	50	0.004	M635	M189	ME_M635	ME_M189
67	50	0.006	M637	M189	ME_M637	ME_M189
68	50	0.0015	M644	M189	ME_M644	ME_M189
69	50	0.008	M65	M189	ME_M65	ME_M189
70	50	0.0155	M660	M189	ME_M660	ME_M189
71	50	0.037	M68	M189	ME_M68	ME_M189
72	50	0.0045	M736	M189	ME_M736	ME_M189
73	50	0.0145	M737	M189	ME_M737	ME_M189
74	50	0.0005	M742	M189	ME_M742	ME_M189
75	50	0.005	M744	M189	ME_M744	ME_M189
76	50	0.0045	M883	M189	ME_M883	ME_M189
77	50	0.484	M91	M189	ME_M91	ME_M189
78	50	0.011	M92	M189	ME_M92	ME_M189
79	50	0.019	M93	M189	ME_M93	ME_M189
80	50	0.005	M936	M189	ME_M936	ME_M189
1	51	0.003	M1024	M1903	ME_M1024	ME_M1903
2	51	0.0095	M1046	M1903	ME_M1046	ME_M1903
3	51	0.009	M1115	M1903	ME_M1115	ME_M1903
4	51	0.006	M1158	M1903	ME_M1158	ME_M1903
5	51	0.0055	M1196	M1903	ME_M1196	ME_M1903
6	51	0.0435	M1198	M1903	ME_M1198	ME_M1903
7	51	0.01	M1206	M1903	ME_M1206	ME_M1903
8	51	0.008	M1263	M1903	ME_M1263	ME_M1903
9	51	0.015	M1304	M1903	ME_M1304	ME_M1903
10	51	0.001	M1308	M1903	ME_M1308	ME_M1903
11	51	0.0005	M1313	M1903	ME_M1313	ME_M1903
12	51	0.001	M1314	M1903	ME_M1314	ME_M1903
13	51	0.012	M1317	M1903	ME_M1317	ME_M1903
14	51	0.049	M1403	M1903	ME_M1403	ME_M1903
15	51	0.027	M1405	M1903	ME_M1405	ME_M1903
16	51	0.0465	M144	M1903	ME_M144	ME_M1903
17	51	0.0075	M1460	M1903	ME_M1460	ME_M1903
18	51	0.006	M1464	M1903	ME_M1464	ME_M1903
19	51	0.0235	M1477	M1903	ME_M1477	ME_M1903
20	51	0.0485	M1505	M1903	ME_M1505	ME_M1903
21	51	0.0085	M1506	M1903	ME_M1506	ME_M1903
22	51	0.022	M1508	M1903	ME_M1508	ME_M1903
23	51	0.0205	M1509	M1903	ME_M1509	ME_M1903
24	51	0.017	M1510	M1903	ME_M1510	ME_M1903
25	51	0.0035	M1537	M1903	ME_M1537	ME_M1903
26	51	0.01	M154	M1903	ME_M154	ME_M1903
27	51	0.0045	M1543	M1903	ME_M1543	ME_M1903
28	51	0.0005	M1547	M1903	ME_M1547	ME_M1903
29	51	0.02	M1548	M1903	ME_M1548	ME_M1903
30	51	0.006	M1556	M1903	ME_M1556	ME_M1903
31	51	0.047	M1557	M1903	ME_M1557	ME_M1903
32	51	0.002	M1564	M1903	ME_M1564	ME_M1903
33	51	0.014	M1572	M1903	ME_M1572	ME_M1903
34	51	0.026	M158	M1903	ME_M158	ME_M1903
35	51	0.0865	M1582	M1903	ME_M1582	ME_M1903
36	51	0.0025	M1592	M1903	ME_M1592	ME_M1903
37	51	0.0325	M1599	M1903	ME_M1599	ME_M1903
38	51	0.003	M1640	M1903	ME_M1640	ME_M1903
39	51	0.002	M1643	M1903	ME_M1643	ME_M1903
40	51	0.0055	M1644	M1903	ME_M1644	ME_M1903
41	51	0.0125	M1649	M1903	ME_M1649	ME_M1903
42	51	0.0115	M1650	M1903	ME_M1650	ME_M1903
43	51	0.081	M1654	M1903	ME_M1654	ME_M1903
44	51	0.006	M1710	M1903	ME_M1710	ME_M1903
45	51	0.007	M1823	M1903	ME_M1823	ME_M1903
46	51	0.036	M1849	M1903	ME_M1849	ME_M1903
47	51	0.0105	M1861	M1903	ME_M1861	ME_M1903
48	51	0.445	M187	M1903	ME_M187	ME_M1903
49	51	0.0995	M188	M1903	ME_M188	ME_M1903
50	51	0.006	M189	M1903	ME_M189	ME_M1903
52	51	0.0005	M1904	M1903	ME_M1904	ME_M1903
53	51	0.632	M191	M1903	ME_M191	ME_M1903
54	51	0.0055	M1918	M1903	ME_M1918	ME_M1903
55	51	0.0085	M192	M1903	ME_M192	ME_M1903
56	51	0.0135	M193	M1903	ME_M193	ME_M1903
57	51	0.006	M1969	M1903	ME_M1969	ME_M1903
58	51	0.003	M2198	M1903	ME_M2198	ME_M1903
59	51	0.037	M229	M1903	ME_M229	ME_M1903
60	51	0.0125	M34	M1903	ME_M34	ME_M1903
61	51	0.017	M376	M1903	ME_M376	ME_M1903
62	51	0.0185	M38	M1903	ME_M38	ME_M1903
63	51	0.0195	M396	M1903	ME_M396	ME_M1903
64	51	0.0475	M56	M1903	ME_M56	ME_M1903
65	51	0.008	M59	M1903	ME_M59	ME_M1903
66	51	0.0315	M635	M1903	ME_M635	ME_M1903
67	51	0.014	M637	M1903	ME_M637	ME_M1903
68	51	0.0135	M644	M1903	ME_M644	ME_M1903
69	51	0.5715	M65	M1903	ME_M65	ME_M1903
70	51	0.0025	M660	M1903	ME_M660	ME_M1903
71	51	0.03	M68	M1903	ME_M68	ME_M1903
72	51	0.0025	M736	M1903	ME_M736	ME_M1903
73	51	0.004	M737	M1903	ME_M737	ME_M1903
74	51	0.0025	M742	M1903	ME_M742	ME_M1903
75	51	0.0035	M744	M1903	ME_M744	ME_M1903
76	51	0.0165	M883	M1903	ME_M883	ME_M1903
77	51	0.004	M91	M1903	ME_M91	ME_M1903
78	51	0.006	M92	M1903	ME_M92	ME_M1903
79	51	0.0045	M93	M1903	ME_M93	ME_M1903
80	51	0.0195	M936	M1903	ME_M936	ME_M1903
1	52	0.0155	M1024	M1904	ME_M1024	ME_M1904
2	52	0.021	M1046	M1904	ME_M1046	ME_M1904
3	52	0.0185	M1115	M1904	ME_M1115	ME_M1904
4	52	0.009	M1158	M1904	ME_M1158	ME_M1904
5	52	0.01	M1196	M1904	ME_M1196	ME_M1904
6	52	0.0095	M1198	M1904	ME_M1198	ME_M1904
7	52	0.014	M1206	M1904	ME_M1206	ME_M1904
8	52	0.0065	M1263	M1904	ME_M1263	ME_M1904
9	52	0.0235	M1304	M1904	ME_M1304	ME_M1904
10	52	0.003	M1308	M1904	ME_M1308	ME_M1904
11	52	0.0015	M1313	M1904	ME_M1313	ME_M1904
12	52	0.0025	M1314	M1904	ME_M1314	ME_M1904
13	52	0.005	M1317	M1904	ME_M1317	ME_M1904
14	52	0.0585	M1403	M1904	ME_M1403	ME_M1904
15	52	0.0105	M1405	M1904	ME_M1405	ME_M1904
16	52	0.0115	M144	M1904	ME_M144	ME_M1904
17	52	0.014	M1460	M1904	ME_M1460	ME_M1904
18	52	0.0255	M1464	M1904	ME_M1464	ME_M1904
19	52	0.0055	M1477	M1904	ME_M1477	ME_M1904
20	52	0.029	M1505	M1904	ME_M1505	ME_M1904
21	52	0.006	M1506	M1904	ME_M1506	ME_M1904
22	52	0.0095	M1508	M1904	ME_M1508	ME_M1904
23	52	0.0065	M1509	M1904	ME_M1509	ME_M1904
24	52	0.006	M1510	M1904	ME_M1510	ME_M1904
25	52	0.0065	M1537	M1904	ME_M1537	ME_M1904
26	52	0.01	M154	M1904	ME_M154	ME_M1904
27	52	0.0055	M1543	M1904	ME_M1543	ME_M1904
28	52	0.027	M1547	M1904	ME_M1547	ME_M1904
29	52	0.007	M1548	M1904	ME_M1548	ME_M1904
30	52	0.011	M1556	M1904	ME_M1556	ME_M1904
31	52	0.012	M1557	M1904	ME_M1557	ME_M1904
32	52	0.0165	M1564	M1904	ME_M1564	ME_M1904
33	52	0.004	M1572	M1904	ME_M1572	ME_M1904
34	52	0.022	M158	M1904	ME_M158	ME_M1904
35	52	0.011	M1582	M1904	ME_M1582	ME_M1904
36	52	0.051	M1592	M1904	ME_M1592	ME_M1904
37	52	0.0135	M1599	M1904	ME_M1599	ME_M1904
38	52	0.0205	M1640	M1904	ME_M1640	ME_M1904
39	52	0.064	M1643	M1904	ME_M1643	ME_M1904
40	52	0.0085	M1644	M1904	ME_M1644	ME_M1904
41	52	0.0055	M1649	M1904	ME_M1649	ME_M1904
42	52	0.0075	M1650	M1904	ME_M1650	ME_M1904
43	52	0.237	M1654	M1904	ME_M1654	ME_M1904
44	52	0.1155	M1710	M1904	ME_M1710	ME_M1904
45	52	0.0435	M1823	M1904	ME_M1823	ME_M1904
46	52	0.1935	M1849	M1904	ME_M1849	ME_M1904
47	52	0.3815	M1861	M1904	ME_M1861	ME_M1904
48	52	0.0065	M187	M1904	ME_M187	ME_M1904
49	52	0.0175	M188	M1904	ME_M188	ME_M1904
50	52	0.001	M189	M1904	ME_M189	ME_M1904
51	52	0.005	M1903	M1904	ME_M1903	ME_M1904
53	52	0.004	M191	M1904	ME_M191	ME_M1904
54	52	0.0205	M1918	M1904	ME_M1918	ME_M1904
55	52	0.007	M192	M1904	ME_M192	ME_M1904
56	52	0.05	M193	M1904	ME_M193	ME_M1904
57	52	0.0145	M1969	M1904	ME_M1969	ME_M1904
58	52	0.053	M2198	M1904	ME_M2198	ME_M1904
59	52	0.0465	M229	M1904	ME_M229	ME_M1904
60	52	0.013	M34	M1904	ME_M34	ME_M1904
61	52	0.009	M376	M1904	ME_M376	ME_M1904
62	52	0.022	M38	M1904	ME_M38	ME_M1904
63	52	0.45	M396	M1904	ME_M396	ME_M1904
64	52	0.029	M56	M1904	ME_M56	ME_M1904
65	52	0.005	M59	M1904	ME_M59	ME_M1904
66	52	0.0145	M635	M1904	ME_M635	ME_M1904
67	52	0.363	M637	M1904	ME_M637	ME_M1904
68	52	0.0045	M644	M1904	ME_M644	ME_M1904
69	52	0.01	M65	M1904	ME_M65	ME_M1904
70	52	0.0305	M660	M1904	ME_M660	ME_M1904
71	52	0.0265	M68	M1904	ME_M68	ME_M1904
72	52	0.0065	M736	M1904	ME_M736	ME_M1904
73	52	0.0165	M737	M1904	ME_M737	ME_M1904
74	52	0.0015	M742	M1904	ME_M742	ME_M1904
75	52	0.0055	M744	M1904	ME_M744	ME_M1904
76	52	0.003	M883	M1904	ME_M883	ME_M1904
77	52	0.006	M91	M1904	ME_M91	ME_M1904
78	52	0.005	M92	M1904	ME_M92	ME_M1904
79	52	0.083	M93	M1904	ME_M93	ME_M1904
80	52	0.01	M936	M1904	ME_M936	ME_M1904
1	53	0.0095	M1024	M191	ME_M1024	ME_M191
2	53	0.022	M1046	M191	ME_M1046	ME_M191
3	53	0.008	M1115	M191	ME_M1115	ME_M191
4	53	0.0085	M1158	M191	ME_M1158	ME_M191
5	53	0.007	M1196	M191	ME_M1196	ME_M191
6	53	0.011	M1198	M191	ME_M1198	ME_M191
7	53	0.0065	M1206	M191	ME_M1206	ME_M191
8	53	0.003	M1263	M191	ME_M1263	ME_M191
9	53	0.005	M1304	M191	ME_M1304	ME_M191
10	53	0.001	M1308	M191	ME_M1308	ME_M191
11	53	0.001	M1313	M191	ME_M1313	ME_M191
12	53	0.0005	M1314	M191	ME_M1314	ME_M191
13	53	0.02	M1317	M191	ME_M1317	ME_M191
14	53	0.0115	M1403	M191	ME_M1403	ME_M191
15	53	0.1515	M1405	M191	ME_M1405	ME_M191
16	53	0.0525	M144	M191	ME_M144	ME_M191
17	53	0.0055	M1460	M191	ME_M1460	ME_M191
18	53	0.005	M1464	M191	ME_M1464	ME_M191
19	53	0.007	M1477	M191	ME_M1477	ME_M191
20	53	0.251	M1505	M191	ME_M1505	ME_M191
21	53	0.012	M1506	M191	ME_M1506	ME_M191
22	53	0.011	M1508	M191	ME_M1508	ME_M191
23	53	0.417	M1509	M191	ME_M1509	ME_M191
24	53	0.043	M1510	M191	ME_M1510	ME_M191
26	53	0.013	M154	M191	ME_M154	ME_M191
27	53	0.001	M1543	M191	ME_M1543	ME_M191
29	53	0.016	M1548	M191	ME_M1548	ME_M191
30	53	0.005	M1556	M191	ME_M1556	ME_M191
31	53	0.0065	M1557	M191	ME_M1557	ME_M191
32	53	0.0015	M1564	M191	ME_M1564	ME_M191
34	53	0.024	M158	M191	ME_M158	ME_M191
35	53	0.0065	M1582	M191	ME_M1582	ME_M191
36	53	0.0005	M1592	M191	ME_M1592	ME_M191
37	53	0.7715	M1599	M191	ME_M1599	ME_M191
38	53	0.0015	M1640	M191	ME_M1640	ME_M191
39	53	0.003	M1643	M191	ME_M1643	ME_M191
40	53	0.007	M1644	M191	ME_M1644	ME_M191
41	53	0.0055	M1649	M191	ME_M1649	ME_M191
42	53	0.0035	M1650	M191	ME_M1650	ME_M191
43	53	0.0125	M1654	M191	ME_M1654	ME_M191
44	53	0.0025	M1710	M191	ME_M1710	ME_M191
45	53	0.004	M1823	M191	ME_M1823	ME_M191
46	53	0.0075	M1849	M191	ME_M1849	ME_M191
47	53	0.0025	M1861	M191	ME_M1861	ME_M191
48	53	0.015	M187	M191	ME_M187	ME_M191
49	53	0.003	M188	M191	ME_M188	ME_M191
50	53	0.0005	M189	M191	ME_M189	ME_M191
51	53	0.023	M1903	M191	ME_M1903	ME_M191
52	53	0.001	M1904	M191	ME_M1904	ME_M191
54	53	0.009	M1918	M191	ME_M1918	ME_M191
55	53	0.0025	M192	M191	ME_M192	ME_M191
56	53	0.0335	M193	M191	ME_M193	ME_M191
58	53	0.0065	M2198	M191	ME_M2198	ME_M191
59	53	0.0015	M229	M191	ME_M229	ME_M191
60	53	0.025	M34	M191	ME_M34	ME_M191
61	53	0.005	M376	M191	ME_M376	ME_M191
62	53	0.0055	M38	M191	ME_M38	ME_M191
63	53	0.0035	M396	M191	ME_M396	ME_M191
64	53	0.0025	M56	M191	ME_M56	ME_M191
65	53	0.0055	M59	M191	ME_M59	ME_M191
66	53	0.065	M635	M191	ME_M635	ME_M191
67	53	0.0145	M637	M191	ME_M637	ME_M191
68	53	0.0135	M644	M191	ME_M644	ME_M191
69	53	0.002	M65	M191	ME_M65	ME_M191
70	53	0.0165	M660	M191	ME_M660	ME_M191
71	53	0.012	M68	M191	ME_M68	ME_M191
72	53	0.0005	M736	M191	ME_M736	ME_M191
73	53	0.0015	M737	M191	ME_M737	ME_M191
74	53	0.0015	M742	M191	ME_M742	ME_M191
75	53	0.002	M744	M191	ME_M744	ME_M191
76	53	0.008	M883	M191	ME_M883	ME_M191
77	53	0.0255	M91	M191	ME_M91	ME_M191
78	53	0.009	M92	M191	ME_M92	ME_M191
79	53	0.0055	M93	M191	ME_M93	ME_M191
80	53	0.6385	M936	M191	ME_M936	ME_M191
1	54	0.002	M1024	M1918	ME_M1024	ME_M1918
2	54	0.018	M1046	M1918	ME_M1046	ME_M1918
3	54	0.0005	M1115	M1918	ME_M1115	ME_M1918
4	54	0.242	M1158	M1918	ME_M1158	ME_M1918
5	54	0.033	M1196	M1918	ME_M1196	ME_M1918
6	54	0.0105	M1198	M1918	ME_M1198	ME_M1918
7	54	0.0115	M1206	M1918	ME_M1206	ME_M1918
8	54	0.001	M1263	M1918	ME_M1263	ME_M1918
9	54	0.009	M1304	M1918	ME_M1304	ME_M1918
10	54	0.0005	M1308	M1918	ME_M1308	ME_M1918
13	54	0.0585	M1317	M1918	ME_M1317	ME_M1918
14	54	0.0145	M1403	M1918	ME_M1403	ME_M1918
15	54	0.0035	M1405	M1918	ME_M1405	ME_M1918
16	54	0.0225	M144	M1918	ME_M144	ME_M1918
17	54	0.006	M1460	M1918	ME_M1460	ME_M1918
18	54	0.0185	M1464	M1918	ME_M1464	ME_M1918
19	54	0.063	M1477	M1918	ME_M1477	ME_M1918
20	54	0.0205	M1505	M1918	ME_M1505	ME_M1918
21	54	0.006	M1506	M1918	ME_M1506	ME_M1918
22	54	0.05	M1508	M1918	ME_M1508	ME_M1918
23	54	0.004	M1509	M1918	ME_M1509	ME_M1918
24	54	0.0055	M1510	M1918	ME_M1510	ME_M1918
25	54	0.002	M1537	M1918	ME_M1537	ME_M1918
26	54	0.05	M154	M1918	ME_M154	ME_M1918
27	54	0.0055	M1543	M1918	ME_M1543	ME_M1918
28	54	0.002	M1547	M1918	ME_M1547	ME_M1918
29	54	0.025	M1548	M1918	ME_M1548	ME_M1918
30	54	0.1165	M1556	M1918	ME_M1556	ME_M1918
31	54	0.044	M1557	M1918	ME_M1557	ME_M1918
32	54	0.0085	M1564	M1918	ME_M1564	ME_M1918
33	54	0.001	M1572	M1918	ME_M1572	ME_M1918
34	54	0.0885	M158	M1918	ME_M158	ME_M1918
35	54	0.0045	M1582	M1918	ME_M1582	ME_M1918
36	54	0.0005	M1592	M1918	ME_M1592	ME_M1918
37	54	0.001	M1599	M1918	ME_M1599	ME_M1918
38	54	0.0055	M1640	M1918	ME_M1640	ME_M1918
39	54	0.007	M1643	M1918	ME_M1643	ME_M1918
40	54	0.053	M1644	M1918	ME_M1644	ME_M1918
41	54	0.0025	M1649	M1918	ME_M1649	ME_M1918
42	54	0.0095	M1650	M1918	ME_M1650	ME_M1918
43	54	0.0095	M1654	M1918	ME_M1654	ME_M1918
44	54	0.0045	M1710	M1918	ME_M1710	ME_M1918
45	54	0.054	M1823	M1918	ME_M1823	ME_M1918
46	54	0.028	M1849	M1918	ME_M1849	ME_M1918
47	54	0.144	M1861	M1918	ME_M1861	ME_M1918
48	54	0.001	M187	M1918	ME_M187	ME_M1918
49	54	0.005	M188	M1918	ME_M188	ME_M1918
51	54	0.001	M1903	M1918	ME_M1903	ME_M1918
52	54	0.002	M1904	M1918	ME_M1904	ME_M1918
53	54	0.0035	M191	M1918	ME_M191	ME_M1918
55	54	0.0005	M192	M1918	ME_M192	ME_M1918
56	54	0.0015	M193	M1918	ME_M193	ME_M1918
57	54	0.0105	M1969	M1918	ME_M1969	ME_M1918
58	54	0.03	M2198	M1918	ME_M2198	ME_M1918
59	54	0.002	M229	M1918	ME_M229	ME_M1918
60	54	0.0035	M34	M1918	ME_M34	ME_M1918
61	54	0.0065	M376	M1918	ME_M376	ME_M1918
62	54	0.0045	M38	M1918	ME_M38	ME_M1918
63	54	0.0015	M396	M1918	ME_M396	ME_M1918
64	54	0.0315	M56	M1918	ME_M56	ME_M1918
65	54	0.5505	M59	M1918	ME_M59	ME_M1918
66	54	0.0465	M635	M1918	ME_M635	ME_M1918
67	54	0.4835	M637	M1918	ME_M637	ME_M1918
68	54	0.0005	M644	M1918	ME_M644	ME_M1918
69	54	0.031	M65	M1918	ME_M65	ME_M1918
70	54	0.2585	M660	M1918	ME_M660	ME_M1918
71	54	0.0095	M68	M1918	ME_M68	ME_M1918
72	54	0.0025	M736	M1918	ME_M736	ME_M1918
73	54	0.002	M737	M1918	ME_M737	ME_M1918
75	54	0.0015	M744	M1918	ME_M744	ME_M1918
76	54	0.0125	M883	M1918	ME_M883	ME_M1918
77	54	0.0035	M91	M1918	ME_M91	ME_M1918
78	54	0.0075	M92	M1918	ME_M92	ME_M1918
79	54	0.0165	M93	M1918	ME_M93	ME_M1918
80	54	0.001	M936	M1918	ME_M936	ME_M1918
1	55	0.035	M1024	M192	ME_M1024	ME_M192
2	55	0.023	M1046	M192	ME_M1046	ME_M192
3	55	0.0045	M1115	M192	ME_M1115	ME_M192
4	55	0.003	M1158	M192	ME_M1158	ME_M192
5	55	0.012	M1196	M192	ME_M1196	ME_M192
6	55	0.074	M1198	M192	ME_M1198	ME_M192
7	55	0.0055	M1206	M192	ME_M1206	ME_M192
8	55	0.1645	M1263	M192	ME_M1263	ME_M192
9	55	0.0355	M1304	M192	ME_M1304	ME_M192
10	55	0.0005	M1308	M192	ME_M1308	ME_M192
11	55	0.004	M1313	M192	ME_M1313	ME_M192
12	55	0.009	M1314	M192	ME_M1314	ME_M192
13	55	0.044	M1317	M192	ME_M1317	ME_M192
14	55	0.0065	M1403	M192	ME_M1403	ME_M192
15	55	0.007	M1405	M192	ME_M1405	ME_M192
16	55	0.0165	M144	M192	ME_M144	ME_M192
17	55	0.005	M1460	M192	ME_M1460	ME_M192
18	55	0.007	M1464	M192	ME_M1464	ME_M192
19	55	0.0095	M1477	M192	ME_M1477	ME_M192
20	55	0.008	M1505	M192	ME_M1505	ME_M192
21	55	0.0105	M1506	M192	ME_M1506	ME_M192
22	55	0.004	M1508	M192	ME_M1508	ME_M192
23	55	0.009	M1509	M192	ME_M1509	ME_M192
24	55	0.007	M1510	M192	ME_M1510	ME_M192
25	55	0.0005	M1537	M192	ME_M1537	ME_M192
26	55	0.0095	M154	M192	ME_M154	ME_M192
27	55	0.0075	M1543	M192	ME_M1543	ME_M192
28	55	0.0015	M1547	M192	ME_M1547	ME_M192
29	55	0.0055	M1548	M192	ME_M1548	ME_M192
30	55	0.0035	M1556	M192	ME_M1556	ME_M192
31	55	0.029	M1557	M192	ME_M1557	ME_M192
32	55	0.015	M1564	M192	ME_M1564	ME_M192
33	55	0.003	M1572	M192	ME_M1572	ME_M192
34	55	0.0145	M158	M192	ME_M158	ME_M192
35	55	0.2875	M1582	M192	ME_M1582	ME_M192
36	55	0.003	M1592	M192	ME_M1592	ME_M192
37	55	0.0035	M1599	M192	ME_M1599	ME_M192
38	55	0.01	M1640	M192	ME_M1640	ME_M192
39	55	0.0025	M1643	M192	ME_M1643	ME_M192
40	55	0.0305	M1644	M192	ME_M1644	ME_M192
41	55	0.009	M1649	M192	ME_M1649	ME_M192
42	55	0.0055	M1650	M192	ME_M1650	ME_M192
43	55	0.019	M1654	M192	ME_M1654	ME_M192
44	55	0.0535	M1710	M192	ME_M1710	ME_M192
45	55	0.0115	M1823	M192	ME_M1823	ME_M192
46	55	0.0075	M1849	M192	ME_M1849	ME_M192
47	55	0.014	M1861	M192	ME_M1861	ME_M192
48	55	0.0135	M187	M192	ME_M187	ME_M192
49	55	0.0215	M188	M192	ME_M188	ME_M192
50	55	0.021	M189	M192	ME_M189	ME_M192
51	55	0.001	M1903	M192	ME_M1903	ME_M192
52	55	0.0005	M1904	M192	ME_M1904	ME_M192
53	55	0.0035	M191	M192	ME_M191	ME_M192
54	55	0.006	M1918	M192	ME_M1918	ME_M192
56	55	0.01	M193	M192	ME_M193	ME_M192
57	55	0.014	M1969	M192	ME_M1969	ME_M192
58	55	0.004	M2198	M192	ME_M2198	ME_M192
59	55	0.0145	M229	M192	ME_M229	ME_M192
60	55	0.211	M34	M192	ME_M34	ME_M192
61	55	0.0235	M376	M192	ME_M376	ME_M192
62	55	0.443	M38	M192	ME_M38	ME_M192
63	55	0.006	M396	M192	ME_M396	ME_M192
64	55	0.074	M56	M192	ME_M56	ME_M192
65	55	0.01	M59	M192	ME_M59	ME_M192
66	55	0.009	M635	M192	ME_M635	ME_M192
67	55	0.006	M637	M192	ME_M637	ME_M192
68	55	0.002	M644	M192	ME_M644	ME_M192
69	55	0.045	M65	M192	ME_M65	ME_M192
70	55	0.0065	M660	M192	ME_M660	ME_M192
71	55	0.015	M68	M192	ME_M68	ME_M192
72	55	0.006	M736	M192	ME_M736	ME_M192
73	55	0.006	M737	M192	ME_M737	ME_M192
74	55	0.001	M742	M192	ME_M742	ME_M192
75	55	0.0035	M744	M192	ME_M744	ME_M192
76	55	0.016	M883	M192	ME_M883	ME_M192
77	55	0.766	M91	M192	ME_M91	ME_M192
78	55	0.0545	M92	M192	ME_M92	ME_M192
79	55	0.025	M93	M192	ME_M93	ME_M192
80	55	0.008	M936	M192	ME_M936	ME_M192
1	56	0.0135	M1024	M193	ME_M1024	ME_M193
2	56	0.0665	M1046	M193	ME_M1046	ME_M193
3	56	0.0365	M1115	M193	ME_M1115	ME_M193
4	56	0.017	M1158	M193	ME_M1158	ME_M193
5	56	0.022	M1196	M193	ME_M1196	ME_M193
6	56	0.011	M1198	M193	ME_M1198	ME_M193
7	56	0.0235	M1206	M193	ME_M1206	ME_M193
8	56	0.0255	M1263	M193	ME_M1263	ME_M193
9	56	0.0055	M1304	M193	ME_M1304	ME_M193
10	56	0.0005	M1308	M193	ME_M1308	ME_M193
11	56	0.004	M1313	M193	ME_M1313	ME_M193
12	56	0.0005	M1314	M193	ME_M1314	ME_M193
13	56	0.068	M1317	M193	ME_M1317	ME_M193
14	56	0.004	M1403	M193	ME_M1403	ME_M193
15	56	0.0105	M1405	M193	ME_M1405	ME_M193
16	56	0.5735	M144	M193	ME_M144	ME_M193
17	56	0.007	M1460	M193	ME_M1460	ME_M193
18	56	0.0055	M1464	M193	ME_M1464	ME_M193
19	56	0.0085	M1477	M193	ME_M1477	ME_M193
20	56	0.0145	M1505	M193	ME_M1505	ME_M193
21	56	0.0135	M1506	M193	ME_M1506	ME_M193
22	56	0.031	M1508	M193	ME_M1508	ME_M193
23	56	0.01	M1509	M193	ME_M1509	ME_M193
24	56	0.0135	M1510	M193	ME_M1510	ME_M193
25	56	0.0035	M1537	M193	ME_M1537	ME_M193
26	56	0.0775	M154	M193	ME_M154	ME_M193
27	56	0.0075	M1543	M193	ME_M1543	ME_M193
28	56	0.0005	M1547	M193	ME_M1547	ME_M193
29	56	0.001	M1548	M193	ME_M1548	ME_M193
30	56	0.0155	M1556	M193	ME_M1556	ME_M193
31	56	0.0045	M1557	M193	ME_M1557	ME_M193
32	56	0.0035	M1564	M193	ME_M1564	ME_M193
33	56	0.001	M1572	M193	ME_M1572	ME_M193
34	56	0.0155	M158	M193	ME_M158	ME_M193
35	56	0.005	M1582	M193	ME_M1582	ME_M193
36	56	0.018	M1592	M193	ME_M1592	ME_M193
37	56	0.006	M1599	M193	ME_M1599	ME_M193
38	56	0.0065	M1640	M193	ME_M1640	ME_M193
39	56	0.0015	M1643	M193	ME_M1643	ME_M193
40	56	0.0085	M1644	M193	ME_M1644	ME_M193
41	56	0.0085	M1649	M193	ME_M1649	ME_M193
42	56	0.0025	M1650	M193	ME_M1650	ME_M193
43	56	0.006	M1654	M193	ME_M1654	ME_M193
44	56	0.004	M1710	M193	ME_M1710	ME_M193
45	56	0.0215	M1823	M193	ME_M1823	ME_M193
46	56	0.0035	M1849	M193	ME_M1849	ME_M193
47	56	0.006	M1861	M193	ME_M1861	ME_M193
48	56	0.173	M187	M193	ME_M187	ME_M193
49	56	0.0015	M188	M193	ME_M188	ME_M193
50	56	0.0435	M189	M193	ME_M189	ME_M193
51	56	0.0005	M1903	M193	ME_M1903	ME_M193
52	56	0.003	M1904	M193	ME_M1904	ME_M193
53	56	0.009	M191	M193	ME_M191	ME_M193
54	56	0.003	M1918	M193	ME_M1918	ME_M193
55	56	0.002	M192	M193	ME_M192	ME_M193
57	56	0.0055	M1969	M193	ME_M1969	ME_M193
58	56	0.002	M2198	M193	ME_M2198	ME_M193
59	56	0.0015	M229	M193	ME_M229	ME_M193
60	56	0.0055	M34	M193	ME_M34	ME_M193
61	56	0.0095	M376	M193	ME_M376	ME_M193
62	56	0.0085	M38	M193	ME_M38	ME_M193
63	56	0.5055	M396	M193	ME_M396	ME_M193
64	56	0.1285	M56	M193	ME_M56	ME_M193
65	56	0.0155	M59	M193	ME_M59	ME_M193
66	56	0.0255	M635	M193	ME_M635	ME_M193
67	56	0.0175	M637	M193	ME_M637	ME_M193
68	56	0.004	M644	M193	ME_M644	ME_M193
69	56	0.019	M65	M193	ME_M65	ME_M193
70	56	0.003	M660	M193	ME_M660	ME_M193
71	56	0.0065	M68	M193	ME_M68	ME_M193
72	56	0.0005	M736	M193	ME_M736	ME_M193
73	56	0.0005	M737	M193	ME_M737	ME_M193
75	56	0.0015	M744	M193	ME_M744	ME_M193
76	56	0.0055	M883	M193	ME_M883	ME_M193
77	56	0.005	M91	M193	ME_M91	ME_M193
78	56	0.0115	M92	M193	ME_M92	ME_M193
79	56	0.012	M93	M193	ME_M93	ME_M193
80	56	0.657	M936	M193	ME_M936	ME_M193
1	57	0.0025	M1024	M1969	ME_M1024	ME_M1969
2	57	0.0375	M1046	M1969	ME_M1046	ME_M1969
3	57	0.0085	M1115	M1969	ME_M1115	ME_M1969
4	57	0.012	M1158	M1969	ME_M1158	ME_M1969
5	57	0.0055	M1196	M1969	ME_M1196	ME_M1969
6	57	0.0095	M1198	M1969	ME_M1198	ME_M1969
7	57	0.005	M1206	M1969	ME_M1206	ME_M1969
8	57	0.012	M1263	M1969	ME_M1263	ME_M1969
9	57	0.008	M1304	M1969	ME_M1304	ME_M1969
10	57	0.008	M1308	M1969	ME_M1308	ME_M1969
11	57	0.0015	M1313	M1969	ME_M1313	ME_M1969
12	57	0.0075	M1314	M1969	ME_M1314	ME_M1969
13	57	0.013	M1317	M1969	ME_M1317	ME_M1969
14	57	0.0035	M1403	M1969	ME_M1403	ME_M1969
15	57	0.0065	M1405	M1969	ME_M1405	ME_M1969
16	57	0.0135	M144	M1969	ME_M144	ME_M1969
17	57	0.097	M1460	M1969	ME_M1460	ME_M1969
18	57	0.0155	M1464	M1969	ME_M1464	ME_M1969
19	57	0.008	M1477	M1969	ME_M1477	ME_M1969
20	57	0.0145	M1505	M1969	ME_M1505	ME_M1969
21	57	0.0145	M1506	M1969	ME_M1506	ME_M1969
22	57	0.022	M1508	M1969	ME_M1508	ME_M1969
23	57	0.0075	M1509	M1969	ME_M1509	ME_M1969
24	57	0.004	M1510	M1969	ME_M1510	ME_M1969
25	57	0.0005	M1537	M1969	ME_M1537	ME_M1969
26	57	0.557	M154	M1969	ME_M154	ME_M1969
27	57	0.011	M1543	M1969	ME_M1543	ME_M1969
29	57	0.0125	M1548	M1969	ME_M1548	ME_M1969
30	57	0.018	M1556	M1969	ME_M1556	ME_M1969
31	57	0.035	M1557	M1969	ME_M1557	ME_M1969
32	57	0.0055	M1564	M1969	ME_M1564	ME_M1969
33	57	0.0015	M1572	M1969	ME_M1572	ME_M1969
34	57	0.562	M158	M1969	ME_M158	ME_M1969
35	57	0.0235	M1582	M1969	ME_M1582	ME_M1969
36	57	0.003	M1592	M1969	ME_M1592	ME_M1969
37	57	0.0035	M1599	M1969	ME_M1599	ME_M1969
38	57	0.0055	M1640	M1969	ME_M1640	ME_M1969
39	57	0.0015	M1643	M1969	ME_M1643	ME_M1969
40	57	0.012	M1644	M1969	ME_M1644	ME_M1969
41	57	0.0045	M1649	M1969	ME_M1649	ME_M1969
42	57	0.004	M1650	M1969	ME_M1650	ME_M1969
43	57	0.0205	M1654	M1969	ME_M1654	ME_M1969
44	57	0.005	M1710	M1969	ME_M1710	ME_M1969
45	57	0.065	M1823	M1969	ME_M1823	ME_M1969
46	57	0.021	M1849	M1969	ME_M1849	ME_M1969
47	57	0.466	M1861	M1969	ME_M1861	ME_M1969
48	57	0.0065	M187	M1969	ME_M187	ME_M1969
49	57	0.0065	M188	M1969	ME_M188	ME_M1969
50	57	0.001	M189	M1969	ME_M189	ME_M1969
51	57	0.0015	M1903	M1969	ME_M1903	ME_M1969
52	57	0.003	M1904	M1969	ME_M1904	ME_M1969
53	57	0.0045	M191	M1969	ME_M191	ME_M1969
54	57	0.084	M1918	M1969	ME_M1918	ME_M1969
55	57	0.0045	M192	M1969	ME_M192	ME_M1969
56	57	0.014	M193	M1969	ME_M193	ME_M1969
58	57	0.013	M2198	M1969	ME_M2198	ME_M1969
59	57	0.001	M229	M1969	ME_M229	ME_M1969
60	57	0.0125	M34	M1969	ME_M34	ME_M1969
61	57	0.003	M376	M1969	ME_M376	ME_M1969
62	57	0.0065	M38	M1969	ME_M38	ME_M1969
63	57	0.004	M396	M1969	ME_M396	ME_M1969
64	57	0.1765	M56	M1969	ME_M56	ME_M1969
65	57	0.055	M59	M1969	ME_M59	ME_M1969
66	57	0.0165	M635	M1969	ME_M635	ME_M1969
67	57	0.023	M637	M1969	ME_M637	ME_M1969
68	57	0.0025	M644	M1969	ME_M644	ME_M1969
69	57	0.01	M65	M1969	ME_M65	ME_M1969
70	57	0.043	M660	M1969	ME_M660	ME_M1969
71	57	0.006	M68	M1969	ME_M68	ME_M1969
72	57	0.0265	M736	M1969	ME_M736	ME_M1969
73	57	0.0105	M737	M1969	ME_M737	ME_M1969
74	57	0.0055	M742	M1969	ME_M742	ME_M1969
75	57	0.0465	M744	M1969	ME_M744	ME_M1969
76	57	0.028	M883	M1969	ME_M883	ME_M1969
77	57	0.016	M91	M1969	ME_M91	ME_M1969
78	57	0.088	M92	M1969	ME_M92	ME_M1969
79	57	0.014	M93	M1969	ME_M93	ME_M1969
80	57	0.005	M936	M1969	ME_M936	ME_M1969
1	58	0.004	M1024	M2198	ME_M1024	ME_M2198
2	58	0.034	M1046	M2198	ME_M1046	ME_M2198
3	58	0.0005	M1115	M2198	ME_M1115	ME_M2198
4	58	0.5675	M1158	M2198	ME_M1158	ME_M2198
5	58	0.02	M1196	M2198	ME_M1196	ME_M2198
6	58	0.006	M1198	M2198	ME_M1198	ME_M2198
7	58	0.01	M1206	M2198	ME_M1206	ME_M2198
8	58	0.01	M1263	M2198	ME_M1263	ME_M2198
9	58	0.019	M1304	M2198	ME_M1304	ME_M2198
11	58	0.0015	M1313	M2198	ME_M1313	ME_M2198
12	58	0.0005	M1314	M2198	ME_M1314	ME_M2198
13	58	0.0035	M1317	M2198	ME_M1317	ME_M2198
14	58	0.002	M1403	M2198	ME_M1403	ME_M2198
15	58	0.001	M1405	M2198	ME_M1405	ME_M2198
16	58	0.001	M144	M2198	ME_M144	ME_M2198
17	58	0.002	M1460	M2198	ME_M1460	ME_M2198
18	58	0.0015	M1464	M2198	ME_M1464	ME_M2198
19	58	0.0045	M1477	M2198	ME_M1477	ME_M2198
20	58	0.001	M1505	M2198	ME_M1505	ME_M2198
21	58	0.0035	M1506	M2198	ME_M1506	ME_M2198
22	58	0.003	M1508	M2198	ME_M1508	ME_M2198
23	58	0.0005	M1509	M2198	ME_M1509	ME_M2198
24	58	0.004	M1510	M2198	ME_M1510	ME_M2198
25	58	0.0035	M1537	M2198	ME_M1537	ME_M2198
26	58	0.0005	M154	M2198	ME_M154	ME_M2198
27	58	0.003	M1543	M2198	ME_M1543	ME_M2198
28	58	0.002	M1547	M2198	ME_M1547	ME_M2198
29	58	0.001	M1548	M2198	ME_M1548	ME_M2198
30	58	0.265	M1556	M2198	ME_M1556	ME_M2198
31	58	0.04	M1557	M2198	ME_M1557	ME_M2198
32	58	0.256	M1564	M2198	ME_M1564	ME_M2198
34	58	0.0015	M158	M2198	ME_M158	ME_M2198
35	58	0.0115	M1582	M2198	ME_M1582	ME_M2198
36	58	0.0105	M1592	M2198	ME_M1592	ME_M2198
37	58	0.0715	M1599	M2198	ME_M1599	ME_M2198
38	58	0.0125	M1640	M2198	ME_M1640	ME_M2198
39	58	0.005	M1643	M2198	ME_M1643	ME_M2198
40	58	0.0715	M1644	M2198	ME_M1644	ME_M2198
41	58	0.008	M1649	M2198	ME_M1649	ME_M2198
42	58	0.008	M1650	M2198	ME_M1650	ME_M2198
43	58	0.0725	M1654	M2198	ME_M1654	ME_M2198
44	58	0.458	M1710	M2198	ME_M1710	ME_M2198
45	58	0.0155	M1823	M2198	ME_M1823	ME_M2198
46	58	0.004	M1849	M2198	ME_M1849	ME_M2198
47	58	0.038	M1861	M2198	ME_M1861	ME_M2198
49	58	0.002	M188	M2198	ME_M188	ME_M2198
50	58	0.0015	M189	M2198	ME_M189	ME_M2198
51	58	0.0005	M1903	M2198	ME_M1903	ME_M2198
52	58	0.0015	M1904	M2198	ME_M1904	ME_M2198
54	58	0.062	M1918	M2198	ME_M1918	ME_M2198
55	58	0.001	M192	M2198	ME_M192	ME_M2198
56	58	0.0015	M193	M2198	ME_M193	ME_M2198
57	58	0.002	M1969	M2198	ME_M1969	ME_M2198
59	58	0.0045	M229	M2198	ME_M229	ME_M2198
60	58	0.02	M34	M2198	ME_M34	ME_M2198
61	58	0.008	M376	M2198	ME_M376	ME_M2198
62	58	0.003	M38	M2198	ME_M38	ME_M2198
63	58	0.001	M396	M2198	ME_M396	ME_M2198
64	58	0.0065	M56	M2198	ME_M56	ME_M2198
65	58	0.009	M59	M2198	ME_M59	ME_M2198
66	58	0.01	M635	M2198	ME_M635	ME_M2198
67	58	0.0355	M637	M2198	ME_M637	ME_M2198
68	58	0.0005	M644	M2198	ME_M644	ME_M2198
69	58	0.006	M65	M2198	ME_M65	ME_M2198
70	58	0.09	M660	M2198	ME_M660	ME_M2198
71	58	0.1995	M68	M2198	ME_M68	ME_M2198
72	58	0.1145	M736	M2198	ME_M736	ME_M2198
73	58	0.004	M737	M2198	ME_M737	ME_M2198
74	58	0.008	M742	M2198	ME_M742	ME_M2198
75	58	0.002	M744	M2198	ME_M744	ME_M2198
76	58	0.1715	M883	M2198	ME_M883	ME_M2198
77	58	0.0035	M91	M2198	ME_M91	ME_M2198
78	58	0.0085	M92	M2198	ME_M92	ME_M2198
79	58	0.0025	M93	M2198	ME_M93	ME_M2198
80	58	0.0015	M936	M2198	ME_M936	ME_M2198
1	59	0.004	M1024	M229	ME_M1024	ME_M229
2	59	0.003	M1046	M229	ME_M1046	ME_M229
3	59	0.0055	M1115	M229	ME_M1115	ME_M229
4	59	0.002	M1158	M229	ME_M1158	ME_M229
5	59	0.005	M1196	M229	ME_M1196	ME_M229
6	59	0.0055	M1198	M229	ME_M1198	ME_M229
7	59	0.0065	M1206	M229	ME_M1206	ME_M229
8	59	0.0115	M1263	M229	ME_M1263	ME_M229
9	59	0.02	M1304	M229	ME_M1304	ME_M229
10	59	0.001	M1308	M229	ME_M1308	ME_M229
11	59	0.004	M1313	M229	ME_M1313	ME_M229
12	59	0.002	M1314	M229	ME_M1314	ME_M229
13	59	0.063	M1317	M229	ME_M1317	ME_M229
14	59	0.0855	M1403	M229	ME_M1403	ME_M229
15	59	0.0195	M1405	M229	ME_M1405	ME_M229
16	59	0.049	M144	M229	ME_M144	ME_M229
17	59	0.034	M1460	M229	ME_M1460	ME_M229
18	59	0.013	M1464	M229	ME_M1464	ME_M229
19	59	0.041	M1477	M229	ME_M1477	ME_M229
20	59	0.722	M1505	M229	ME_M1505	ME_M229
21	59	0.012	M1506	M229	ME_M1506	ME_M229
22	59	0.021	M1508	M229	ME_M1508	ME_M229
23	59	0.015	M1509	M229	ME_M1509	ME_M229
24	59	0.018	M1510	M229	ME_M1510	ME_M229
25	59	0.0325	M1537	M229	ME_M1537	ME_M229
26	59	0.0155	M154	M229	ME_M154	ME_M229
27	59	0.009	M1543	M229	ME_M1543	ME_M229
28	59	0.013	M1547	M229	ME_M1547	ME_M229
29	59	0.0185	M1548	M229	ME_M1548	ME_M229
30	59	0.0465	M1556	M229	ME_M1556	ME_M229
31	59	0.068	M1557	M229	ME_M1557	ME_M229
32	59	0.0255	M1564	M229	ME_M1564	ME_M229
33	59	0.004	M1572	M229	ME_M1572	ME_M229
34	59	0.0215	M158	M229	ME_M158	ME_M229
35	59	0.0035	M1582	M229	ME_M1582	ME_M229
36	59	0.009	M1592	M229	ME_M1592	ME_M229
37	59	0.004	M1599	M229	ME_M1599	ME_M229
38	59	0.005	M1640	M229	ME_M1640	ME_M229
39	59	0.012	M1643	M229	ME_M1643	ME_M229
40	59	0.0075	M1644	M229	ME_M1644	ME_M229
41	59	0.004	M1649	M229	ME_M1649	ME_M229
42	59	0.0025	M1650	M229	ME_M1650	ME_M229
43	59	0.0105	M1654	M229	ME_M1654	ME_M229
44	59	0.006	M1710	M229	ME_M1710	ME_M229
45	59	0.013	M1823	M229	ME_M1823	ME_M229
46	59	0.009	M1849	M229	ME_M1849	ME_M229
47	59	0.005	M1861	M229	ME_M1861	ME_M229
48	59	0.026	M187	M229	ME_M187	ME_M229
49	59	0.077	M188	M229	ME_M188	ME_M229
50	59	0.0795	M189	M229	ME_M189	ME_M229
51	59	0.0035	M1903	M229	ME_M1903	ME_M229
52	59	0.0335	M1904	M229	ME_M1904	ME_M229
53	59	0.0065	M191	M229	ME_M191	ME_M229
54	59	0.0105	M1918	M229	ME_M1918	ME_M229
55	59	0.0085	M192	M229	ME_M192	ME_M229
56	59	0.009	M193	M229	ME_M193	ME_M229
57	59	0.0025	M1969	M229	ME_M1969	ME_M229
58	59	0.1795	M2198	M229	ME_M2198	ME_M229
60	59	0.026	M34	M229	ME_M34	ME_M229
61	59	0.122	M376	M229	ME_M376	ME_M229
62	59	0.615	M38	M229	ME_M38	ME_M229
63	59	0.004	M396	M229	ME_M396	ME_M229
64	59	0.029	M56	M229	ME_M56	ME_M229
65	59	0.0155	M59	M229	ME_M59	ME_M229
66	59	0.0075	M635	M229	ME_M635	ME_M229
67	59	0.019	M637	M229	ME_M637	ME_M229
68	59	0.0075	M644	M229	ME_M644	ME_M229
69	59	0.0125	M65	M229	ME_M65	ME_M229
70	59	0.0185	M660	M229	ME_M660	ME_M229
71	59	0.0245	M68	M229	ME_M68	ME_M229
72	59	0.004	M736	M229	ME_M736	ME_M229
73	59	0.008	M737	M229	ME_M737	ME_M229
75	59	0.004	M744	M229	ME_M744	ME_M229
76	59	0.013	M883	M229	ME_M883	ME_M229
77	59	0.021	M91	M229	ME_M91	ME_M229
78	59	0.0125	M92	M229	ME_M92	ME_M229
79	59	0.0075	M93	M229	ME_M93	ME_M229
80	59	0.0045	M936	M229	ME_M936	ME_M229
1	60	0.0025	M1024	M34	ME_M1024	ME_M34
2	60	0.011	M1046	M34	ME_M1046	ME_M34
3	60	0.0015	M1115	M34	ME_M1115	ME_M34
4	60	0.022	M1158	M34	ME_M1158	ME_M34
5	60	0.0105	M1196	M34	ME_M1196	ME_M34
6	60	0.0095	M1198	M34	ME_M1198	ME_M34
7	60	0.004	M1206	M34	ME_M1206	ME_M34
8	60	0.0035	M1263	M34	ME_M1263	ME_M34
9	60	0.007	M1304	M34	ME_M1304	ME_M34
10	60	0.0005	M1308	M34	ME_M1308	ME_M34
11	60	0.001	M1313	M34	ME_M1313	ME_M34
12	60	0.0025	M1314	M34	ME_M1314	ME_M34
13	60	0.018	M1317	M34	ME_M1317	ME_M34
14	60	0.0025	M1403	M34	ME_M1403	ME_M34
15	60	0.0055	M1405	M34	ME_M1405	ME_M34
16	60	0.0425	M144	M34	ME_M144	ME_M34
17	60	0.026	M1460	M34	ME_M1460	ME_M34
18	60	0.0035	M1464	M34	ME_M1464	ME_M34
19	60	0.0105	M1477	M34	ME_M1477	ME_M34
20	60	0.0125	M1505	M34	ME_M1505	ME_M34
21	60	0.0295	M1506	M34	ME_M1506	ME_M34
22	60	0.008	M1508	M34	ME_M1508	ME_M34
23	60	0.0055	M1509	M34	ME_M1509	ME_M34
24	60	0.003	M1510	M34	ME_M1510	ME_M34
25	60	0.0015	M1537	M34	ME_M1537	ME_M34
26	60	0.0125	M154	M34	ME_M154	ME_M34
28	60	0.001	M1547	M34	ME_M1547	ME_M34
29	60	0.017	M1548	M34	ME_M1548	ME_M34
30	60	0.007	M1556	M34	ME_M1556	ME_M34
31	60	0.055	M1557	M34	ME_M1557	ME_M34
32	60	0.008	M1564	M34	ME_M1564	ME_M34
33	60	0.003	M1572	M34	ME_M1572	ME_M34
34	60	0.03	M158	M34	ME_M158	ME_M34
35	60	0.0075	M1582	M34	ME_M1582	ME_M34
36	60	0.0005	M1592	M34	ME_M1592	ME_M34
37	60	0.0245	M1599	M34	ME_M1599	ME_M34
38	60	0.0015	M1640	M34	ME_M1640	ME_M34
39	60	0.0105	M1643	M34	ME_M1643	ME_M34
40	60	0.008	M1644	M34	ME_M1644	ME_M34
41	60	0.002	M1649	M34	ME_M1649	ME_M34
42	60	0.001	M1650	M34	ME_M1650	ME_M34
43	60	0.004	M1654	M34	ME_M1654	ME_M34
44	60	0.05	M1710	M34	ME_M1710	ME_M34
45	60	0.032	M1823	M34	ME_M1823	ME_M34
46	60	0.0095	M1849	M34	ME_M1849	ME_M34
47	60	0.0185	M1861	M34	ME_M1861	ME_M34
48	60	0.0025	M187	M34	ME_M187	ME_M34
49	60	0.506	M188	M34	ME_M188	ME_M34
50	60	0.0005	M189	M34	ME_M189	ME_M34
51	60	0.0005	M1903	M34	ME_M1903	ME_M34
52	60	0.001	M1904	M34	ME_M1904	ME_M34
53	60	0.007	M191	M34	ME_M191	ME_M34
54	60	0.007	M1918	M34	ME_M1918	ME_M34
55	60	0.013	M192	M34	ME_M192	ME_M34
57	60	0.001	M1969	M34	ME_M1969	ME_M34
58	60	0.0155	M2198	M34	ME_M2198	ME_M34
59	60	0.0525	M229	M34	ME_M229	ME_M34
61	60	0.028	M376	M34	ME_M376	ME_M34
62	60	0.2645	M38	M34	ME_M38	ME_M34
63	60	0.0015	M396	M34	ME_M396	ME_M34
64	60	0.594	M56	M34	ME_M56	ME_M34
65	60	0.0365	M59	M34	ME_M59	ME_M34
66	60	0.004	M635	M34	ME_M635	ME_M34
67	60	0.0175	M637	M34	ME_M637	ME_M34
68	60	0.001	M644	M34	ME_M644	ME_M34
69	60	0.0205	M65	M34	ME_M65	ME_M34
70	60	0.015	M660	M34	ME_M660	ME_M34
71	60	0.695	M68	M34	ME_M68	ME_M34
72	60	0.001	M736	M34	ME_M736	ME_M34
73	60	0.0015	M737	M34	ME_M737	ME_M34
74	60	0.003	M742	M34	ME_M742	ME_M34
75	60	0.0025	M744	M34	ME_M744	ME_M34
76	60	0.0085	M883	M34	ME_M883	ME_M34
77	60	0.003	M91	M34	ME_M91	ME_M34
78	60	0.0175	M92	M34	ME_M92	ME_M34
79	60	0.0055	M93	M34	ME_M93	ME_M34
80	60	0.0065	M936	M34	ME_M936	ME_M34
1	61	0.001	M1024	M376	ME_M1024	ME_M376
2	61	0.0055	M1046	M376	ME_M1046	ME_M376
3	61	0.0725	M1115	M376	ME_M1115	ME_M376
4	61	0.001	M1158	M376	ME_M1158	ME_M376
5	61	0.0065	M1196	M376	ME_M1196	ME_M376
6	61	0.014	M1198	M376	ME_M1198	ME_M376
7	61	0.002	M1206	M376	ME_M1206	ME_M376
8	61	0.0005	M1263	M376	ME_M1263	ME_M376
9	61	0.004	M1304	M376	ME_M1304	ME_M376
11	61	0.014	M1313	M376	ME_M1313	ME_M376
12	61	0.002	M1314	M376	ME_M1314	ME_M376
13	61	0.2315	M1317	M376	ME_M1317	ME_M376
14	61	0.0085	M1403	M376	ME_M1403	ME_M376
15	61	0.0325	M1405	M376	ME_M1405	ME_M376
16	61	0.134	M144	M376	ME_M144	ME_M376
17	61	0.366	M1460	M376	ME_M1460	ME_M376
18	61	0.0065	M1464	M376	ME_M1464	ME_M376
19	61	0.1595	M1477	M376	ME_M1477	ME_M376
20	61	0.006	M1505	M376	ME_M1505	ME_M376
21	61	0.0025	M1506	M376	ME_M1506	ME_M376
22	61	0.549	M1508	M376	ME_M1508	ME_M376
23	61	0.004	M1509	M376	ME_M1509	ME_M376
24	61	0.0045	M1510	M376	ME_M1510	ME_M376
25	61	0.0005	M1537	M376	ME_M1537	ME_M376
26	61	0.0255	M154	M376	ME_M154	ME_M376
28	61	0.0015	M1547	M376	ME_M1547	ME_M376
29	61	0.0065	M1548	M376	ME_M1548	ME_M376
30	61	0.021	M1556	M376	ME_M1556	ME_M376
31	61	0.0065	M1557	M376	ME_M1557	ME_M376
32	61	0.002	M1564	M376	ME_M1564	ME_M376
33	61	0.0005	M1572	M376	ME_M1572	ME_M376
34	61	0.102	M158	M376	ME_M158	ME_M376
35	61	0.0075	M1582	M376	ME_M1582	ME_M376
36	61	0.005	M1592	M376	ME_M1592	ME_M376
37	61	0.0305	M1599	M376	ME_M1599	ME_M376
38	61	0.0005	M1640	M376	ME_M1640	ME_M376
39	61	0.001	M1643	M376	ME_M1643	ME_M376
40	61	0.3075	M1644	M376	ME_M1644	ME_M376
41	61	0.002	M1649	M376	ME_M1649	ME_M376
42	61	0.0045	M1650	M376	ME_M1650	ME_M376
43	61	0.0285	M1654	M376	ME_M1654	ME_M376
44	61	0.0145	M1710	M376	ME_M1710	ME_M376
45	61	0.024	M1823	M376	ME_M1823	ME_M376
46	61	0.139	M1849	M376	ME_M1849	ME_M376
47	61	0.005	M1861	M376	ME_M1861	ME_M376
48	61	0.001	M187	M376	ME_M187	ME_M376
49	61	0.0015	M188	M376	ME_M188	ME_M376
50	61	0.002	M189	M376	ME_M189	ME_M376
53	61	0.0005	M191	M376	ME_M191	ME_M376
54	61	0.005	M1918	M376	ME_M1918	ME_M376
55	61	0.0065	M192	M376	ME_M192	ME_M376
56	61	0.0055	M193	M376	ME_M193	ME_M376
57	61	0.001	M1969	M376	ME_M1969	ME_M376
58	61	0.0045	M2198	M376	ME_M2198	ME_M376
59	61	0.015	M229	M376	ME_M229	ME_M376
60	61	0.018	M34	M376	ME_M34	ME_M376
62	61	0.0095	M38	M376	ME_M38	ME_M376
63	61	0.011	M396	M376	ME_M396	ME_M376
64	61	0.04	M56	M376	ME_M56	ME_M376
65	61	0.005	M59	M376	ME_M59	ME_M376
66	61	0.005	M635	M376	ME_M635	ME_M376
67	61	0.0085	M637	M376	ME_M637	ME_M376
68	61	0.001	M644	M376	ME_M644	ME_M376
69	61	0.0085	M65	M376	ME_M65	ME_M376
70	61	0.007	M660	M376	ME_M660	ME_M376
71	61	0.005	M68	M376	ME_M68	ME_M376
72	61	0.0015	M736	M376	ME_M736	ME_M376
73	61	0.0015	M737	M376	ME_M737	ME_M376
74	61	0.0005	M742	M376	ME_M742	ME_M376
75	61	0.002	M744	M376	ME_M744	ME_M376
76	61	0.034	M883	M376	ME_M883	ME_M376
77	61	0.0155	M91	M376	ME_M91	ME_M376
78	61	0.057	M92	M376	ME_M92	ME_M376
79	61	0.202	M93	M376	ME_M93	ME_M376
80	61	0.004	M936	M376	ME_M936	ME_M376
2	62	0.0065	M1046	M38	ME_M1046	ME_M38
3	62	0.003	M1115	M38	ME_M1115	ME_M38
4	62	0.0005	M1158	M38	ME_M1158	ME_M38
5	62	0.007	M1196	M38	ME_M1196	ME_M38
6	62	0.0095	M1198	M38	ME_M1198	ME_M38
7	62	0.0035	M1206	M38	ME_M1206	ME_M38
8	62	0.0085	M1263	M38	ME_M1263	ME_M38
9	62	0.002	M1304	M38	ME_M1304	ME_M38
11	62	0.0005	M1313	M38	ME_M1313	ME_M38
12	62	0.001	M1314	M38	ME_M1314	ME_M38
13	62	0.074	M1317	M38	ME_M1317	ME_M38
14	62	0.0015	M1403	M38	ME_M1403	ME_M38
15	62	0.0065	M1405	M38	ME_M1405	ME_M38
16	62	0.036	M144	M38	ME_M144	ME_M38
17	62	0.0155	M1460	M38	ME_M1460	ME_M38
18	62	0.002	M1464	M38	ME_M1464	ME_M38
19	62	0.004	M1477	M38	ME_M1477	ME_M38
20	62	0.007	M1505	M38	ME_M1505	ME_M38
21	62	0.0145	M1506	M38	ME_M1506	ME_M38
22	62	0.006	M1508	M38	ME_M1508	ME_M38
23	62	0.0045	M1509	M38	ME_M1509	ME_M38
24	62	0.0015	M1510	M38	ME_M1510	ME_M38
26	62	0.01	M154	M38	ME_M154	ME_M38
29	62	0.0235	M1548	M38	ME_M1548	ME_M38
30	62	0.007	M1556	M38	ME_M1556	ME_M38
31	62	0.014	M1557	M38	ME_M1557	ME_M38
32	62	0.0075	M1564	M38	ME_M1564	ME_M38
33	62	0.0005	M1572	M38	ME_M1572	ME_M38
34	62	0.031	M158	M38	ME_M158	ME_M38
35	62	0.008	M1582	M38	ME_M1582	ME_M38
36	62	0.0015	M1592	M38	ME_M1592	ME_M38
37	62	0.0125	M1599	M38	ME_M1599	ME_M38
38	62	0.01	M1640	M38	ME_M1640	ME_M38
39	62	0.016	M1643	M38	ME_M1643	ME_M38
40	62	0.022	M1644	M38	ME_M1644	ME_M38
41	62	0.003	M1649	M38	ME_M1649	ME_M38
42	62	0.003	M1650	M38	ME_M1650	ME_M38
43	62	0.0035	M1654	M38	ME_M1654	ME_M38
44	62	0.0855	M1710	M38	ME_M1710	ME_M38
45	62	0.0125	M1823	M38	ME_M1823	ME_M38
46	62	0.027	M1849	M38	ME_M1849	ME_M38
47	62	0.064	M1861	M38	ME_M1861	ME_M38
48	62	0.005	M187	M38	ME_M187	ME_M38
49	62	0.669	M188	M38	ME_M188	ME_M38
50	62	0.002	M189	M38	ME_M189	ME_M38
51	62	0.001	M1903	M38	ME_M1903	ME_M38
52	62	0.0005	M1904	M38	ME_M1904	ME_M38
53	62	0.0015	M191	M38	ME_M191	ME_M38
54	62	0.008	M1918	M38	ME_M1918	ME_M38
55	62	0.0565	M192	M38	ME_M192	ME_M38
56	62	0.001	M193	M38	ME_M193	ME_M38
57	62	0.0035	M1969	M38	ME_M1969	ME_M38
58	62	0.0015	M2198	M38	ME_M2198	ME_M38
59	62	0.04	M229	M38	ME_M229	ME_M38
60	62	0.726	M34	M38	ME_M34	ME_M38
61	62	0.01	M376	M38	ME_M376	ME_M38
63	62	0.0315	M396	M38	ME_M396	ME_M38
64	62	0.0445	M56	M38	ME_M56	ME_M38
65	62	0.0085	M59	M38	ME_M59	ME_M38
66	62	0.0025	M635	M38	ME_M635	ME_M38
67	62	0.075	M637	M38	ME_M637	ME_M38
68	62	0.002	M644	M38	ME_M644	ME_M38
69	62	0.016	M65	M38	ME_M65	ME_M38
70	62	0.4635	M660	M38	ME_M660	ME_M38
71	62	0.0695	M68	M38	ME_M68	ME_M38
72	62	0.004	M736	M38	ME_M736	ME_M38
73	62	0.0335	M737	M38	ME_M737	ME_M38
74	62	0.0015	M742	M38	ME_M742	ME_M38
75	62	0.001	M744	M38	ME_M744	ME_M38
76	62	0.014	M883	M38	ME_M883	ME_M38
77	62	0.0035	M91	M38	ME_M91	ME_M38
78	62	0.0185	M92	M38	ME_M92	ME_M38
79	62	0.0085	M93	M38	ME_M93	ME_M38
80	62	0.002	M936	M38	ME_M936	ME_M38
1	63	0.0185	M1024	M396	ME_M1024	ME_M396
2	63	0.0175	M1046	M396	ME_M1046	ME_M396
3	63	0.0335	M1115	M396	ME_M1115	ME_M396
4	63	0.0115	M1158	M396	ME_M1158	ME_M396
5	63	0.1575	M1196	M396	ME_M1196	ME_M396
6	63	0.497	M1198	M396	ME_M1198	ME_M396
7	63	0.011	M1206	M396	ME_M1206	ME_M396
8	63	0.002	M1263	M396	ME_M1263	ME_M396
9	63	0.0125	M1304	M396	ME_M1304	ME_M396
11	63	0.0015	M1313	M396	ME_M1313	ME_M396
13	63	0.075	M1317	M396	ME_M1317	ME_M396
14	63	0.0005	M1403	M396	ME_M1403	ME_M396
15	63	0.005	M1405	M396	ME_M1405	ME_M396
16	63	0.0055	M144	M396	ME_M144	ME_M396
17	63	0.0025	M1460	M396	ME_M1460	ME_M396
18	63	0.001	M1464	M396	ME_M1464	ME_M396
19	63	0.002	M1477	M396	ME_M1477	ME_M396
20	63	0.001	M1505	M396	ME_M1505	ME_M396
21	63	0.002	M1506	M396	ME_M1506	ME_M396
22	63	0.004	M1508	M396	ME_M1508	ME_M396
23	63	0.0035	M1509	M396	ME_M1509	ME_M396
24	63	0.008	M1510	M396	ME_M1510	ME_M396
26	63	0.0025	M154	M396	ME_M154	ME_M396
27	63	0.005	M1543	M396	ME_M1543	ME_M396
29	63	0.003	M1548	M396	ME_M1548	ME_M396
30	63	0.0055	M1556	M396	ME_M1556	ME_M396
31	63	0.004	M1557	M396	ME_M1557	ME_M396
32	63	0.001	M1564	M396	ME_M1564	ME_M396
33	63	0.0015	M1572	M396	ME_M1572	ME_M396
34	63	0.003	M158	M396	ME_M158	ME_M396
35	63	0.029	M1582	M396	ME_M1582	ME_M396
36	63	0.0015	M1592	M396	ME_M1592	ME_M396
37	63	0.0085	M1599	M396	ME_M1599	ME_M396
38	63	0.002	M1640	M396	ME_M1640	ME_M396
39	63	0.002	M1643	M396	ME_M1643	ME_M396
40	63	0.0115	M1644	M396	ME_M1644	ME_M396
41	63	0.0035	M1649	M396	ME_M1649	ME_M396
42	63	0.003	M1650	M396	ME_M1650	ME_M396
43	63	0.0075	M1654	M396	ME_M1654	ME_M396
44	63	0.028	M1710	M396	ME_M1710	ME_M396
45	63	0.0305	M1823	M396	ME_M1823	ME_M396
46	63	0.005	M1849	M396	ME_M1849	ME_M396
47	63	0.69	M1861	M396	ME_M1861	ME_M396
48	63	0.001	M187	M396	ME_M187	ME_M396
49	63	0.1215	M188	M396	ME_M188	ME_M396
50	63	0.0005	M189	M396	ME_M189	ME_M396
51	63	0.0005	M1903	M396	ME_M1903	ME_M396
52	63	0.011	M1904	M396	ME_M1904	ME_M396
53	63	0.0025	M191	M396	ME_M191	ME_M396
54	63	0.004	M1918	M396	ME_M1918	ME_M396
56	63	0.0515	M193	M396	ME_M193	ME_M396
57	63	0.0015	M1969	M396	ME_M1969	ME_M396
58	63	0.0015	M2198	M396	ME_M2198	ME_M396
59	63	0.001	M229	M396	ME_M229	ME_M396
60	63	0.004	M34	M396	ME_M34	ME_M396
61	63	0.0395	M376	M396	ME_M376	ME_M396
62	63	0.023	M38	M396	ME_M38	ME_M396
64	63	0.032	M56	M396	ME_M56	ME_M396
65	63	0.0135	M59	M396	ME_M59	ME_M396
66	63	0.687	M635	M396	ME_M635	ME_M396
67	63	0.048	M637	M396	ME_M637	ME_M396
68	63	0.0015	M644	M396	ME_M644	ME_M396
69	63	0.037	M65	M396	ME_M65	ME_M396
70	63	0.0115	M660	M396	ME_M660	ME_M396
71	63	0.0115	M68	M396	ME_M68	ME_M396
72	63	0.004	M736	M396	ME_M736	ME_M396
73	63	0.0035	M737	M396	ME_M737	ME_M396
74	63	0.001	M742	M396	ME_M742	ME_M396
75	63	0.0005	M744	M396	ME_M744	ME_M396
76	63	0.015	M883	M396	ME_M883	ME_M396
77	63	0.0155	M91	M396	ME_M91	ME_M396
78	63	0.0255	M92	M396	ME_M92	ME_M396
79	63	0.031	M93	M396	ME_M93	ME_M396
80	63	0.0035	M936	M396	ME_M936	ME_M396
1	64	0.003	M1024	M56	ME_M1024	ME_M56
2	64	0.0185	M1046	M56	ME_M1046	ME_M56
3	64	0.0045	M1115	M56	ME_M1115	ME_M56
4	64	0.0085	M1158	M56	ME_M1158	ME_M56
5	64	0.013	M1196	M56	ME_M1196	ME_M56
6	64	0.0125	M1198	M56	ME_M1198	ME_M56
7	64	0.003	M1206	M56	ME_M1206	ME_M56
8	64	0.0205	M1263	M56	ME_M1263	ME_M56
9	64	0.0685	M1304	M56	ME_M1304	ME_M56
10	64	0.0005	M1308	M56	ME_M1308	ME_M56
11	64	0.003	M1313	M56	ME_M1313	ME_M56
12	64	0.0135	M1314	M56	ME_M1314	ME_M56
13	64	0.0305	M1317	M56	ME_M1317	ME_M56
14	64	0.004	M1403	M56	ME_M1403	ME_M56
15	64	0.0245	M1405	M56	ME_M1405	ME_M56
16	64	0.059	M144	M56	ME_M144	ME_M56
17	64	0.018	M1460	M56	ME_M1460	ME_M56
18	64	0.014	M1464	M56	ME_M1464	ME_M56
19	64	0.0015	M1477	M56	ME_M1477	ME_M56
20	64	0.0155	M1505	M56	ME_M1505	ME_M56
21	64	0.0085	M1506	M56	ME_M1506	ME_M56
22	64	0.015	M1508	M56	ME_M1508	ME_M56
23	64	0.003	M1509	M56	ME_M1509	ME_M56
24	64	0.0095	M1510	M56	ME_M1510	ME_M56
25	64	0.0015	M1537	M56	ME_M1537	ME_M56
26	64	0.358	M154	M56	ME_M154	ME_M56
27	64	0.002	M1543	M56	ME_M1543	ME_M56
28	64	0.0015	M1547	M56	ME_M1547	ME_M56
29	64	0.004	M1548	M56	ME_M1548	ME_M56
30	64	0.0145	M1556	M56	ME_M1556	ME_M56
31	64	0.1435	M1557	M56	ME_M1557	ME_M56
32	64	0.009	M1564	M56	ME_M1564	ME_M56
33	64	0.002	M1572	M56	ME_M1572	ME_M56
34	64	0.4415	M158	M56	ME_M158	ME_M56
35	64	0.0025	M1582	M56	ME_M1582	ME_M56
37	64	0.002	M1599	M56	ME_M1599	ME_M56
38	64	0.0025	M1640	M56	ME_M1640	ME_M56
39	64	0.001	M1643	M56	ME_M1643	ME_M56
40	64	0.0085	M1644	M56	ME_M1644	ME_M56
41	64	0.0025	M1649	M56	ME_M1649	ME_M56
42	64	0.0495	M1650	M56	ME_M1650	ME_M56
43	64	0.048	M1654	M56	ME_M1654	ME_M56
44	64	0.0025	M1710	M56	ME_M1710	ME_M56
45	64	0.018	M1823	M56	ME_M1823	ME_M56
46	64	0.0065	M1849	M56	ME_M1849	ME_M56
47	64	0.0035	M1861	M56	ME_M1861	ME_M56
48	64	0.003	M187	M56	ME_M187	ME_M56
49	64	0.0885	M188	M56	ME_M188	ME_M56
50	64	0.002	M189	M56	ME_M189	ME_M56
51	64	0.0025	M1903	M56	ME_M1903	ME_M56
52	64	0.0015	M1904	M56	ME_M1904	ME_M56
53	64	0.0005	M191	M56	ME_M191	ME_M56
54	64	0.0355	M1918	M56	ME_M1918	ME_M56
55	64	0.0205	M192	M56	ME_M192	ME_M56
56	64	0.013	M193	M56	ME_M193	ME_M56
57	64	0.0115	M1969	M56	ME_M1969	ME_M56
58	64	0.0025	M2198	M56	ME_M2198	ME_M56
59	64	0.007	M229	M56	ME_M229	ME_M56
60	64	0.0635	M34	M56	ME_M34	ME_M56
61	64	0.0445	M376	M56	ME_M376	ME_M56
62	64	0.082	M38	M56	ME_M38	ME_M56
63	64	0.008	M396	M56	ME_M396	ME_M56
65	64	0.1385	M59	M56	ME_M59	ME_M56
66	64	0.006	M635	M56	ME_M635	ME_M56
67	64	0.05	M637	M56	ME_M637	ME_M56
68	64	0.001	M644	M56	ME_M644	ME_M56
69	64	0.424	M65	M56	ME_M65	ME_M56
70	64	0.0075	M660	M56	ME_M660	ME_M56
71	64	0.0245	M68	M56	ME_M68	ME_M56
72	64	0.0005	M736	M56	ME_M736	ME_M56
73	64	0.002	M737	M56	ME_M737	ME_M56
75	64	0.003	M744	M56	ME_M744	ME_M56
76	64	0.025	M883	M56	ME_M883	ME_M56
77	64	0.0995	M91	M56	ME_M91	ME_M56
78	64	0.1355	M92	M56	ME_M92	ME_M56
79	64	0.0145	M93	M56	ME_M93	ME_M56
80	64	0.003	M936	M56	ME_M936	ME_M56
1	65	0.003	M1024	M59	ME_M1024	ME_M59
2	65	0.1765	M1046	M59	ME_M1046	ME_M59
3	65	0.004	M1115	M59	ME_M1115	ME_M59
4	65	0.0305	M1158	M59	ME_M1158	ME_M59
5	65	0.522	M1196	M59	ME_M1196	ME_M59
6	65	0.028	M1198	M59	ME_M1198	ME_M59
7	65	0.0185	M1206	M59	ME_M1206	ME_M59
8	65	0.002	M1263	M59	ME_M1263	ME_M59
9	65	0.007	M1304	M59	ME_M1304	ME_M59
12	65	0.003	M1314	M59	ME_M1314	ME_M59
13	65	0.0145	M1317	M59	ME_M1317	ME_M59
14	65	0.002	M1403	M59	ME_M1403	ME_M59
15	65	0.0055	M1405	M59	ME_M1405	ME_M59
16	65	0.01	M144	M59	ME_M144	ME_M59
17	65	0.001	M1460	M59	ME_M1460	ME_M59
18	65	0.001	M1464	M59	ME_M1464	ME_M59
19	65	0.008	M1477	M59	ME_M1477	ME_M59
20	65	0.005	M1505	M59	ME_M1505	ME_M59
21	65	0.008	M1506	M59	ME_M1506	ME_M59
22	65	0.005	M1508	M59	ME_M1508	ME_M59
23	65	0.002	M1509	M59	ME_M1509	ME_M59
24	65	0.0015	M1510	M59	ME_M1510	ME_M59
25	65	0.0045	M1537	M59	ME_M1537	ME_M59
26	65	0.02	M154	M59	ME_M154	ME_M59
27	65	0.0025	M1543	M59	ME_M1543	ME_M59
28	65	0.002	M1547	M59	ME_M1547	ME_M59
29	65	0.0075	M1548	M59	ME_M1548	ME_M59
30	65	0.451	M1556	M59	ME_M1556	ME_M59
31	65	0.562	M1557	M59	ME_M1557	ME_M59
32	65	0.006	M1564	M59	ME_M1564	ME_M59
33	65	0.0025	M1572	M59	ME_M1572	ME_M59
34	65	0.025	M158	M59	ME_M158	ME_M59
35	65	0.008	M1582	M59	ME_M1582	ME_M59
37	65	0.006	M1599	M59	ME_M1599	ME_M59
38	65	0.005	M1640	M59	ME_M1640	ME_M59
39	65	0.001	M1643	M59	ME_M1643	ME_M59
40	65	0.063	M1644	M59	ME_M1644	ME_M59
41	65	0.023	M1649	M59	ME_M1649	ME_M59
42	65	0.023	M1650	M59	ME_M1650	ME_M59
43	65	0.017	M1654	M59	ME_M1654	ME_M59
44	65	0.02	M1710	M59	ME_M1710	ME_M59
45	65	0.0115	M1823	M59	ME_M1823	ME_M59
46	65	0.0055	M1849	M59	ME_M1849	ME_M59
47	65	0.01	M1861	M59	ME_M1861	ME_M59
48	65	0.002	M187	M59	ME_M187	ME_M59
49	65	0.0005	M188	M59	ME_M188	ME_M59
50	65	0.0005	M189	M59	ME_M189	ME_M59
53	65	0.0025	M191	M59	ME_M191	ME_M59
54	65	0.205	M1918	M59	ME_M1918	ME_M59
55	65	0.0035	M192	M59	ME_M192	ME_M59
56	65	0.009	M193	M59	ME_M193	ME_M59
57	65	0.0085	M1969	M59	ME_M1969	ME_M59
58	65	0.007	M2198	M59	ME_M2198	ME_M59
59	65	0.003	M229	M59	ME_M229	ME_M59
60	65	0.019	M34	M59	ME_M34	ME_M59
61	65	0.0085	M376	M59	ME_M376	ME_M59
62	65	0.008	M38	M59	ME_M38	ME_M59
63	65	0.0035	M396	M59	ME_M396	ME_M59
64	65	0.1215	M56	M59	ME_M56	ME_M59
66	65	0.0115	M635	M59	ME_M635	ME_M59
67	65	0.031	M637	M59	ME_M637	ME_M59
68	65	0.001	M644	M59	ME_M644	ME_M59
69	65	0.013	M65	M59	ME_M65	ME_M59
70	65	0.013	M660	M59	ME_M660	ME_M59
71	65	0.133	M68	M59	ME_M68	ME_M59
72	65	0.017	M736	M59	ME_M736	ME_M59
73	65	0.003	M737	M59	ME_M737	ME_M59
74	65	0.001	M742	M59	ME_M742	ME_M59
75	65	0.0005	M744	M59	ME_M744	ME_M59
76	65	0.0355	M883	M59	ME_M883	ME_M59
77	65	0.01	M91	M59	ME_M91	ME_M59
78	65	0.0085	M92	M59	ME_M92	ME_M59
79	65	0.012	M93	M59	ME_M93	ME_M59
80	65	0.017	M936	M59	ME_M936	ME_M59
1	66	0.2235	M1024	M635	ME_M1024	ME_M635
2	66	0.0405	M1046	M635	ME_M1046	ME_M635
3	66	0.0815	M1115	M635	ME_M1115	ME_M635
4	66	0.044	M1158	M635	ME_M1158	ME_M635
5	66	0.0105	M1196	M635	ME_M1196	ME_M635
6	66	0.021	M1198	M635	ME_M1198	ME_M635
7	66	0.0035	M1206	M635	ME_M1206	ME_M635
8	66	0.0065	M1263	M635	ME_M1263	ME_M635
9	66	0.0085	M1304	M635	ME_M1304	ME_M635
11	66	0.001	M1313	M635	ME_M1313	ME_M635
12	66	0.0065	M1314	M635	ME_M1314	ME_M635
13	66	0.474	M1317	M635	ME_M1317	ME_M635
14	66	0.0015	M1403	M635	ME_M1403	ME_M635
15	66	0.011	M1405	M635	ME_M1405	ME_M635
16	66	0.01	M144	M635	ME_M144	ME_M635
17	66	0.006	M1460	M635	ME_M1460	ME_M635
18	66	0.0005	M1464	M635	ME_M1464	ME_M635
19	66	0.008	M1477	M635	ME_M1477	ME_M635
20	66	0.0025	M1505	M635	ME_M1505	ME_M635
21	66	0.0025	M1506	M635	ME_M1506	ME_M635
22	66	0.002	M1508	M635	ME_M1508	ME_M635
23	66	0.0125	M1509	M635	ME_M1509	ME_M635
24	66	0.0215	M1510	M635	ME_M1510	ME_M635
25	66	0.0005	M1537	M635	ME_M1537	ME_M635
26	66	0.0175	M154	M635	ME_M154	ME_M635
27	66	0.0035	M1543	M635	ME_M1543	ME_M635
29	66	0.0815	M1548	M635	ME_M1548	ME_M635
30	66	0.0055	M1556	M635	ME_M1556	ME_M635
31	66	0.0055	M1557	M635	ME_M1557	ME_M635
32	66	0.0075	M1564	M635	ME_M1564	ME_M635
34	66	0.008	M158	M635	ME_M158	ME_M635
35	66	0.011	M1582	M635	ME_M1582	ME_M635
36	66	0.0045	M1592	M635	ME_M1592	ME_M635
37	66	0.0005	M1599	M635	ME_M1599	ME_M635
38	66	0.0015	M1640	M635	ME_M1640	ME_M635
39	66	0.01	M1643	M635	ME_M1643	ME_M635
40	66	0.005	M1644	M635	ME_M1644	ME_M635
41	66	0.0035	M1649	M635	ME_M1649	ME_M635
42	66	0.006	M1650	M635	ME_M1650	ME_M635
43	66	0.151	M1654	M635	ME_M1654	ME_M635
44	66	0.013	M1710	M635	ME_M1710	ME_M635
45	66	0.0075	M1823	M635	ME_M1823	ME_M635
46	66	0.04	M1849	M635	ME_M1849	ME_M635
47	66	0.0325	M1861	M635	ME_M1861	ME_M635
48	66	0.0015	M187	M635	ME_M187	ME_M635
49	66	0.006	M188	M635	ME_M188	ME_M635
50	66	0.0015	M189	M635	ME_M189	ME_M635
51	66	0.0005	M1903	M635	ME_M1903	ME_M635
52	66	0.0005	M1904	M635	ME_M1904	ME_M635
53	66	0.014	M191	M635	ME_M191	ME_M635
54	66	0.0565	M1918	M635	ME_M1918	ME_M635
55	66	0.0035	M192	M635	ME_M192	ME_M635
56	66	0.02	M193	M635	ME_M193	ME_M635
57	66	0.0015	M1969	M635	ME_M1969	ME_M635
58	66	0.0095	M2198	M635	ME_M2198	ME_M635
59	66	0.0015	M229	M635	ME_M229	ME_M635
60	66	0.0045	M34	M635	ME_M34	ME_M635
61	66	0.0105	M376	M635	ME_M376	ME_M635
62	66	0.0055	M38	M635	ME_M38	ME_M635
63	66	0.249	M396	M635	ME_M396	ME_M635
64	66	0.0255	M56	M635	ME_M56	ME_M635
65	66	0.0085	M59	M635	ME_M59	ME_M635
67	66	0.479	M637	M635	ME_M637	ME_M635
68	66	0.0015	M644	M635	ME_M644	ME_M635
69	66	0.032	M65	M635	ME_M65	ME_M635
70	66	0.346	M660	M635	ME_M660	ME_M635
71	66	0.008	M68	M635	ME_M68	ME_M635
72	66	0.0055	M736	M635	ME_M736	ME_M635
73	66	0.021	M737	M635	ME_M737	ME_M635
74	66	0.0045	M742	M635	ME_M742	ME_M635
75	66	0.0005	M744	M635	ME_M744	ME_M635
76	66	0.005	M883	M635	ME_M883	ME_M635
77	66	0.005	M91	M635	ME_M91	ME_M635
78	66	0.09	M92	M635	ME_M92	ME_M635
79	66	0.0095	M93	M635	ME_M93	ME_M635
80	66	0.0165	M936	M635	ME_M936	ME_M635
1	67	0.006	M1024	M637	ME_M1024	ME_M637
2	67	0.585	M1046	M637	ME_M1046	ME_M637
4	67	0.007	M1158	M637	ME_M1158	ME_M637
5	67	0.066	M1196	M637	ME_M1196	ME_M637
6	67	0.0295	M1198	M637	ME_M1198	ME_M637
7	67	0.034	M1206	M637	ME_M1206	ME_M637
8	67	0.005	M1263	M637	ME_M1263	ME_M637
9	67	0.3615	M1304	M637	ME_M1304	ME_M637
10	67	0.0005	M1308	M637	ME_M1308	ME_M637
11	67	0.0025	M1313	M637	ME_M1313	ME_M637
12	67	0.0025	M1314	M637	ME_M1314	ME_M637
13	67	0.0195	M1317	M637	ME_M1317	ME_M637
14	67	0.002	M1403	M637	ME_M1403	ME_M637
15	67	0.003	M1405	M637	ME_M1405	ME_M637
16	67	0.0045	M144	M637	ME_M144	ME_M637
17	67	0.0005	M1460	M637	ME_M1460	ME_M637
18	67	0.002	M1464	M637	ME_M1464	ME_M637
19	67	0.0025	M1477	M637	ME_M1477	ME_M637
20	67	0.0035	M1505	M637	ME_M1505	ME_M637
21	67	0.005	M1506	M637	ME_M1506	ME_M637
22	67	0.0015	M1508	M637	ME_M1508	ME_M637
23	67	0.0005	M1509	M637	ME_M1509	ME_M637
24	67	0.002	M1510	M637	ME_M1510	ME_M637
25	67	0.0055	M1537	M637	ME_M1537	ME_M637
26	67	0.0045	M154	M637	ME_M154	ME_M637
27	67	0.001	M1543	M637	ME_M1543	ME_M637
29	67	0.009	M1548	M637	ME_M1548	ME_M637
30	67	0.0305	M1556	M637	ME_M1556	ME_M637
31	67	0.042	M1557	M637	ME_M1557	ME_M637
32	67	0.0095	M1564	M637	ME_M1564	ME_M637
34	67	0.0065	M158	M637	ME_M158	ME_M637
35	67	0.006	M1582	M637	ME_M1582	ME_M637
36	67	0.003	M1592	M637	ME_M1592	ME_M637
37	67	0.0005	M1599	M637	ME_M1599	ME_M637
38	67	0.008	M1640	M637	ME_M1640	ME_M637
39	67	0.0195	M1643	M637	ME_M1643	ME_M637
40	67	0.085	M1644	M637	ME_M1644	ME_M637
41	67	0.007	M1649	M637	ME_M1649	ME_M637
42	67	0.004	M1650	M637	ME_M1650	ME_M637
43	67	0.034	M1654	M637	ME_M1654	ME_M637
44	67	0.021	M1710	M637	ME_M1710	ME_M637
45	67	0.0185	M1823	M637	ME_M1823	ME_M637
46	67	0.038	M1849	M637	ME_M1849	ME_M637
47	67	0.038	M1861	M637	ME_M1861	ME_M637
48	67	0.0005	M187	M637	ME_M187	ME_M637
49	67	0.0025	M188	M637	ME_M188	ME_M637
50	67	0.0005	M189	M637	ME_M189	ME_M637
52	67	0.003	M1904	M637	ME_M1904	ME_M637
53	67	0.001	M191	M637	ME_M191	ME_M637
54	67	0.071	M1918	M637	ME_M1918	ME_M637
55	67	0.009	M192	M637	ME_M192	ME_M637
56	67	0.0065	M193	M637	ME_M193	ME_M637
57	67	0.004	M1969	M637	ME_M1969	ME_M637
58	67	0.0295	M2198	M637	ME_M2198	ME_M637
59	67	0.001	M229	M637	ME_M229	ME_M637
60	67	0.012	M34	M637	ME_M34	ME_M637
61	67	0.005	M376	M637	ME_M376	ME_M637
62	67	0.0085	M38	M637	ME_M38	ME_M637
63	67	0.003	M396	M637	ME_M396	ME_M637
64	67	0.0525	M56	M637	ME_M56	ME_M637
65	67	0.0205	M59	M637	ME_M59	ME_M637
66	67	0.093	M635	M637	ME_M635	ME_M637
69	67	0.15	M65	M637	ME_M65	ME_M637
70	67	0.545	M660	M637	ME_M660	ME_M637
71	67	0.0895	M68	M637	ME_M68	ME_M637
72	67	0.0055	M736	M637	ME_M736	ME_M637
73	67	0.06	M737	M637	ME_M737	ME_M637
74	67	0.002	M742	M637	ME_M742	ME_M637
75	67	0.0025	M744	M637	ME_M744	ME_M637
76	67	0.031	M883	M637	ME_M883	ME_M637
77	67	0.0295	M91	M637	ME_M91	ME_M637
78	67	0.0105	M92	M637	ME_M92	ME_M637
79	67	0.045	M93	M637	ME_M93	ME_M637
80	67	0.011	M936	M637	ME_M936	ME_M637
1	68	0.01	M1024	M644	ME_M1024	ME_M644
2	68	0.028	M1046	M644	ME_M1046	ME_M644
3	68	0.0235	M1115	M644	ME_M1115	ME_M644
4	68	0.02	M1158	M644	ME_M1158	ME_M644
5	68	0.3155	M1196	M644	ME_M1196	ME_M644
6	68	0.3065	M1198	M644	ME_M1198	ME_M644
7	68	0.0125	M1206	M644	ME_M1206	ME_M644
8	68	0.002	M1263	M644	ME_M1263	ME_M644
9	68	0.0005	M1304	M644	ME_M1304	ME_M644
10	68	0.0015	M1308	M644	ME_M1308	ME_M644
11	68	0.002	M1313	M644	ME_M1313	ME_M644
12	68	0.0015	M1314	M644	ME_M1314	ME_M644
13	68	0.051	M1317	M644	ME_M1317	ME_M644
14	68	0.0015	M1403	M644	ME_M1403	ME_M644
15	68	0.1045	M1405	M644	ME_M1405	ME_M644
16	68	0.008	M144	M644	ME_M144	ME_M644
17	68	0.0005	M1460	M644	ME_M1460	ME_M644
18	68	0.002	M1464	M644	ME_M1464	ME_M644
19	68	0.0045	M1477	M644	ME_M1477	ME_M644
20	68	0.0065	M1505	M644	ME_M1505	ME_M644
21	68	0.009	M1506	M644	ME_M1506	ME_M644
22	68	0.007	M1508	M644	ME_M1508	ME_M644
23	68	0.0105	M1509	M644	ME_M1509	ME_M644
24	68	0.011	M1510	M644	ME_M1510	ME_M644
25	68	0.0005	M1537	M644	ME_M1537	ME_M644
26	68	0.0015	M154	M644	ME_M154	ME_M644
27	68	0.004	M1543	M644	ME_M1543	ME_M644
28	68	0.0005	M1547	M644	ME_M1547	ME_M644
29	68	0.006	M1548	M644	ME_M1548	ME_M644
30	68	0.0125	M1556	M644	ME_M1556	ME_M644
31	68	0.0075	M1557	M644	ME_M1557	ME_M644
32	68	0.0025	M1564	M644	ME_M1564	ME_M644
33	68	0.0085	M1572	M644	ME_M1572	ME_M644
34	68	0.0045	M158	M644	ME_M158	ME_M644
35	68	0.515	M1582	M644	ME_M1582	ME_M644
36	68	0.0005	M1592	M644	ME_M1592	ME_M644
37	68	0.0105	M1599	M644	ME_M1599	ME_M644
38	68	0.0975	M1640	M644	ME_M1640	ME_M644
39	68	0.002	M1643	M644	ME_M1643	ME_M644
40	68	0.0025	M1644	M644	ME_M1644	ME_M644
41	68	0.0105	M1649	M644	ME_M1649	ME_M644
42	68	0.008	M1650	M644	ME_M1650	ME_M644
43	68	0.706	M1654	M644	ME_M1654	ME_M644
44	68	0.017	M1710	M644	ME_M1710	ME_M644
45	68	0.022	M1823	M644	ME_M1823	ME_M644
46	68	0.01	M1849	M644	ME_M1849	ME_M644
47	68	0.0035	M1861	M644	ME_M1861	ME_M644
48	68	0.073	M187	M644	ME_M187	ME_M644
49	68	0.0215	M188	M644	ME_M188	ME_M644
50	68	0.002	M189	M644	ME_M189	ME_M644
51	68	0.008	M1903	M644	ME_M1903	ME_M644
53	68	0.0205	M191	M644	ME_M191	ME_M644
54	68	0.0035	M1918	M644	ME_M1918	ME_M644
55	68	0.0025	M192	M644	ME_M192	ME_M644
56	68	0.022	M193	M644	ME_M193	ME_M644
57	68	0.003	M1969	M644	ME_M1969	ME_M644
58	68	0.003	M2198	M644	ME_M2198	ME_M644
59	68	0.004	M229	M644	ME_M229	ME_M644
60	68	0.004	M34	M644	ME_M34	ME_M644
61	68	0.0085	M376	M644	ME_M376	ME_M644
62	68	0.002	M38	M644	ME_M38	ME_M644
63	68	0.0285	M396	M644	ME_M396	ME_M644
64	68	0.0065	M56	M644	ME_M56	ME_M644
65	68	0.0065	M59	M644	ME_M59	ME_M644
66	68	0.018	M635	M644	ME_M635	ME_M644
67	68	0.0095	M637	M644	ME_M637	ME_M644
69	68	0.023	M65	M644	ME_M65	ME_M644
70	68	0.0225	M660	M644	ME_M660	ME_M644
71	68	0.1165	M68	M644	ME_M68	ME_M644
72	68	0.017	M736	M644	ME_M736	ME_M644
73	68	0.0085	M737	M644	ME_M737	ME_M644
74	68	0.03	M742	M644	ME_M742	ME_M644
75	68	0.054	M744	M644	ME_M744	ME_M644
76	68	0.007	M883	M644	ME_M883	ME_M644
77	68	0.005	M91	M644	ME_M91	ME_M644
78	68	0.0015	M92	M644	ME_M92	ME_M644
79	68	0.004	M93	M644	ME_M93	ME_M644
80	68	0.0045	M936	M644	ME_M936	ME_M644
1	69	0.0015	M1024	M65	ME_M1024	ME_M65
2	69	0.024	M1046	M65	ME_M1046	ME_M65
3	69	0.002	M1115	M65	ME_M1115	ME_M65
4	69	0.0075	M1158	M65	ME_M1158	ME_M65
5	69	0.011	M1196	M65	ME_M1196	ME_M65
6	69	0.0125	M1198	M65	ME_M1198	ME_M65
7	69	0.0055	M1206	M65	ME_M1206	ME_M65
8	69	0.019	M1263	M65	ME_M1263	ME_M65
9	69	0.105	M1304	M65	ME_M1304	ME_M65
10	69	0.001	M1308	M65	ME_M1308	ME_M65
11	69	0.0015	M1313	M65	ME_M1313	ME_M65
12	69	0.0095	M1314	M65	ME_M1314	ME_M65
13	69	0.5855	M1317	M65	ME_M1317	ME_M65
14	69	0.003	M1403	M65	ME_M1403	ME_M65
15	69	0.0135	M1405	M65	ME_M1405	ME_M65
16	69	0.0145	M144	M65	ME_M144	ME_M65
17	69	0.006	M1460	M65	ME_M1460	ME_M65
18	69	0.004	M1464	M65	ME_M1464	ME_M65
19	69	0.3385	M1477	M65	ME_M1477	ME_M65
20	69	0.0095	M1505	M65	ME_M1505	ME_M65
21	69	0.0525	M1506	M65	ME_M1506	ME_M65
22	69	0.024	M1508	M65	ME_M1508	ME_M65
23	69	0.0375	M1509	M65	ME_M1509	ME_M65
24	69	0.0095	M1510	M65	ME_M1510	ME_M65
25	69	0.001	M1537	M65	ME_M1537	ME_M65
26	69	0.0105	M154	M65	ME_M154	ME_M65
27	69	0.003	M1543	M65	ME_M1543	ME_M65
29	69	0.0035	M1548	M65	ME_M1548	ME_M65
30	69	0.0265	M1556	M65	ME_M1556	ME_M65
31	69	0.155	M1557	M65	ME_M1557	ME_M65
32	69	0.01	M1564	M65	ME_M1564	ME_M65
33	69	0.0025	M1572	M65	ME_M1572	ME_M65
34	69	0.017	M158	M65	ME_M158	ME_M65
35	69	0.0035	M1582	M65	ME_M1582	ME_M65
37	69	0.023	M1599	M65	ME_M1599	ME_M65
38	69	0.0225	M1640	M65	ME_M1640	ME_M65
39	69	0.002	M1643	M65	ME_M1643	ME_M65
40	69	0.0045	M1644	M65	ME_M1644	ME_M65
41	69	0.0025	M1649	M65	ME_M1649	ME_M65
42	69	0.0035	M1650	M65	ME_M1650	ME_M65
43	69	0.013	M1654	M65	ME_M1654	ME_M65
44	69	0.019	M1710	M65	ME_M1710	ME_M65
45	69	0.0075	M1823	M65	ME_M1823	ME_M65
46	69	0.016	M1849	M65	ME_M1849	ME_M65
47	69	0.0215	M1861	M65	ME_M1861	ME_M65
48	69	0.001	M187	M65	ME_M187	ME_M65
49	69	0.0035	M188	M65	ME_M188	ME_M65
50	69	0.0025	M189	M65	ME_M189	ME_M65
51	69	0.001	M1903	M65	ME_M1903	ME_M65
54	69	0.051	M1918	M65	ME_M1918	ME_M65
55	69	0.0375	M192	M65	ME_M192	ME_M65
56	69	0.01	M193	M65	ME_M193	ME_M65
58	69	0.0085	M2198	M65	ME_M2198	ME_M65
59	69	0.0035	M229	M65	ME_M229	ME_M65
60	69	0.016	M34	M65	ME_M34	ME_M65
61	69	0.0125	M376	M65	ME_M376	ME_M65
62	69	0.0075	M38	M65	ME_M38	ME_M65
63	69	0.01	M396	M65	ME_M396	ME_M65
64	69	0.0915	M56	M65	ME_M56	ME_M65
65	69	0.0055	M59	M65	ME_M59	ME_M65
66	69	0.061	M635	M65	ME_M635	ME_M65
67	69	0.129	M637	M65	ME_M637	ME_M65
68	69	0.0005	M644	M65	ME_M644	ME_M65
70	69	0.0165	M660	M65	ME_M660	ME_M65
71	69	0.675	M68	M65	ME_M68	ME_M65
72	69	0.0005	M736	M65	ME_M736	ME_M65
73	69	0.002	M737	M65	ME_M737	ME_M65
74	69	0.0005	M742	M65	ME_M742	ME_M65
75	69	0.0005	M744	M65	ME_M744	ME_M65
76	69	0.012	M883	M65	ME_M883	ME_M65
77	69	0.027	M91	M65	ME_M91	ME_M65
78	69	0.0085	M92	M65	ME_M92	ME_M65
79	69	0.0065	M93	M65	ME_M93	ME_M65
80	69	0.003	M936	M65	ME_M936	ME_M65
1	70	0.0005	M1024	M660	ME_M1024	ME_M660
2	70	0.0145	M1046	M660	ME_M1046	ME_M660
3	70	0.0005	M1115	M660	ME_M1115	ME_M660
4	70	0.0055	M1158	M660	ME_M1158	ME_M660
5	70	0.026	M1196	M660	ME_M1196	ME_M660
6	70	0.0105	M1198	M660	ME_M1198	ME_M660
7	70	0.0125	M1206	M660	ME_M1206	ME_M660
8	70	0.002	M1263	M660	ME_M1263	ME_M660
9	70	0.01	M1304	M660	ME_M1304	ME_M660
10	70	0.0005	M1308	M660	ME_M1308	ME_M660
11	70	0.0005	M1313	M660	ME_M1313	ME_M660
12	70	0.0005	M1314	M660	ME_M1314	ME_M660
13	70	0.006	M1317	M660	ME_M1317	ME_M660
14	70	0.0015	M1403	M660	ME_M1403	ME_M660
15	70	0.0065	M1405	M660	ME_M1405	ME_M660
16	70	0.0065	M144	M660	ME_M144	ME_M660
17	70	0.0045	M1460	M660	ME_M1460	ME_M660
18	70	0.0015	M1464	M660	ME_M1464	ME_M660
19	70	0.004	M1477	M660	ME_M1477	ME_M660
20	70	0.0055	M1505	M660	ME_M1505	ME_M660
21	70	0.0065	M1506	M660	ME_M1506	ME_M660
22	70	0.0045	M1508	M660	ME_M1508	ME_M660
23	70	0.003	M1509	M660	ME_M1509	ME_M660
24	70	0.012	M1510	M660	ME_M1510	ME_M660
25	70	0.0105	M1537	M660	ME_M1537	ME_M660
26	70	0.006	M154	M660	ME_M154	ME_M660
27	70	0.0055	M1543	M660	ME_M1543	ME_M660
28	70	0.0015	M1547	M660	ME_M1547	ME_M660
29	70	0.019	M1548	M660	ME_M1548	ME_M660
30	70	0.018	M1556	M660	ME_M1556	ME_M660
31	70	0.0555	M1557	M660	ME_M1557	ME_M660
32	70	0.005	M1564	M660	ME_M1564	ME_M660
33	70	0.0005	M1572	M660	ME_M1572	ME_M660
34	70	0.0195	M158	M660	ME_M158	ME_M660
35	70	0.0025	M1582	M660	ME_M1582	ME_M660
36	70	0.0085	M1592	M660	ME_M1592	ME_M660
37	70	0.002	M1599	M660	ME_M1599	ME_M660
38	70	0.0035	M1640	M660	ME_M1640	ME_M660
39	70	0.0145	M1643	M660	ME_M1643	ME_M660
40	70	0.3135	M1644	M660	ME_M1644	ME_M660
41	70	0.013	M1649	M660	ME_M1649	ME_M660
42	70	0.004	M1650	M660	ME_M1650	ME_M660
43	70	0.154	M1654	M660	ME_M1654	ME_M660
44	70	0.0215	M1710	M660	ME_M1710	ME_M660
45	70	0.454	M1823	M660	ME_M1823	ME_M660
46	70	0.0595	M1849	M660	ME_M1849	ME_M660
47	70	0.0595	M1861	M660	ME_M1861	ME_M660
48	70	0.001	M187	M660	ME_M187	ME_M660
49	70	0.0015	M188	M660	ME_M188	ME_M660
50	70	0.0025	M189	M660	ME_M189	ME_M660
51	70	0.003	M1903	M660	ME_M1903	ME_M660
52	70	0.001	M1904	M660	ME_M1904	ME_M660
53	70	0.0025	M191	M660	ME_M191	ME_M660
54	70	0.364	M1918	M660	ME_M1918	ME_M660
55	70	0.0045	M192	M660	ME_M192	ME_M660
56	70	0.0005	M193	M660	ME_M193	ME_M660
57	70	0.0075	M1969	M660	ME_M1969	ME_M660
58	70	0.0345	M2198	M660	ME_M2198	ME_M660
60	70	0.003	M34	M660	ME_M34	ME_M660
61	70	0.004	M376	M660	ME_M376	ME_M660
62	70	0.003	M38	M660	ME_M38	ME_M660
63	70	0.001	M396	M660	ME_M396	ME_M660
64	70	0.014	M56	M660	ME_M56	ME_M660
65	70	0.0165	M59	M660	ME_M59	ME_M660
66	70	0.234	M635	M660	ME_M635	ME_M660
67	70	0.267	M637	M660	ME_M637	ME_M660
68	70	0.0065	M644	M660	ME_M644	ME_M660
69	70	0.01	M65	M660	ME_M65	ME_M660
71	70	0.0215	M68	M660	ME_M68	ME_M660
72	70	0.0135	M736	M660	ME_M736	ME_M660
73	70	0.0245	M737	M660	ME_M737	ME_M660
74	70	0.0055	M742	M660	ME_M742	ME_M660
75	70	0.025	M744	M660	ME_M744	ME_M660
76	70	0.1595	M883	M660	ME_M883	ME_M660
77	70	0.0085	M91	M660	ME_M91	ME_M660
78	70	0.153	M92	M660	ME_M92	ME_M660
79	70	0.0175	M93	M660	ME_M93	ME_M660
80	70	0.0025	M936	M660	ME_M936	ME_M660
1	71	0.0035	M1024	M68	ME_M1024	ME_M68
2	71	0.1185	M1046	M68	ME_M1046	ME_M68
3	71	0.001	M1115	M68	ME_M1115	ME_M68
4	71	0.0035	M1158	M68	ME_M1158	ME_M68
5	71	0.032	M1196	M68	ME_M1196	ME_M68
6	71	0.042	M1198	M68	ME_M1198	ME_M68
7	71	0.024	M1206	M68	ME_M1206	ME_M68
8	71	0.0065	M1263	M68	ME_M1263	ME_M68
9	71	0.0805	M1304	M68	ME_M1304	ME_M68
12	71	0.0045	M1314	M68	ME_M1314	ME_M68
13	71	0.0585	M1317	M68	ME_M1317	ME_M68
14	71	0.003	M1403	M68	ME_M1403	ME_M68
15	71	0.0255	M1405	M68	ME_M1405	ME_M68
16	71	0.0055	M144	M68	ME_M144	ME_M68
17	71	0.0045	M1460	M68	ME_M1460	ME_M68
18	71	0.002	M1464	M68	ME_M1464	ME_M68
19	71	0.008	M1477	M68	ME_M1477	ME_M68
20	71	0.0045	M1505	M68	ME_M1505	ME_M68
21	71	0.042	M1506	M68	ME_M1506	ME_M68
22	71	0.0085	M1508	M68	ME_M1508	ME_M68
23	71	0.0015	M1509	M68	ME_M1509	ME_M68
24	71	0.0075	M1510	M68	ME_M1510	ME_M68
25	71	0.001	M1537	M68	ME_M1537	ME_M68
26	71	0.009	M154	M68	ME_M154	ME_M68
27	71	0.0005	M1543	M68	ME_M1543	ME_M68
29	71	0.0025	M1548	M68	ME_M1548	ME_M68
30	71	0.018	M1556	M68	ME_M1556	ME_M68
31	71	0.076	M1557	M68	ME_M1557	ME_M68
32	71	0.005	M1564	M68	ME_M1564	ME_M68
33	71	0.001	M1572	M68	ME_M1572	ME_M68
34	71	0.0065	M158	M68	ME_M158	ME_M68
35	71	0.0035	M1582	M68	ME_M1582	ME_M68
36	71	0.0095	M1592	M68	ME_M1592	ME_M68
37	71	0.0165	M1599	M68	ME_M1599	ME_M68
38	71	0.011	M1640	M68	ME_M1640	ME_M68
39	71	0.0065	M1643	M68	ME_M1643	ME_M68
40	71	0.0055	M1644	M68	ME_M1644	ME_M68
41	71	0.0035	M1649	M68	ME_M1649	ME_M68
42	71	0.002	M1650	M68	ME_M1650	ME_M68
43	71	0.0265	M1654	M68	ME_M1654	ME_M68
44	71	0.339	M1710	M68	ME_M1710	ME_M68
45	71	0.277	M1823	M68	ME_M1823	ME_M68
46	71	0.0285	M1849	M68	ME_M1849	ME_M68
47	71	0.1365	M1861	M68	ME_M1861	ME_M68
48	71	0.001	M187	M68	ME_M187	ME_M68
49	71	0.0755	M188	M68	ME_M188	ME_M68
51	71	0.0035	M1903	M68	ME_M1903	ME_M68
52	71	0.0015	M1904	M68	ME_M1904	ME_M68
53	71	0.002	M191	M68	ME_M191	ME_M68
54	71	0.004	M1918	M68	ME_M1918	ME_M68
55	71	0.0035	M192	M68	ME_M192	ME_M68
56	71	0.0065	M193	M68	ME_M193	ME_M68
57	71	0.001	M1969	M68	ME_M1969	ME_M68
58	71	0.053	M2198	M68	ME_M2198	ME_M68
59	71	0.0035	M229	M68	ME_M229	ME_M68
60	71	0.203	M34	M68	ME_M34	ME_M68
61	71	0.017	M376	M68	ME_M376	ME_M68
62	71	0.118	M38	M68	ME_M38	ME_M68
63	71	0.004	M396	M68	ME_M396	ME_M68
64	71	0.1245	M56	M68	ME_M56	ME_M68
65	71	0.1125	M59	M68	ME_M59	ME_M68
66	71	0.005	M635	M68	ME_M635	ME_M68
67	71	0.194	M637	M68	ME_M637	ME_M68
68	71	0.001	M644	M68	ME_M644	ME_M68
69	71	0.2985	M65	M68	ME_M65	ME_M68
70	71	0.017	M660	M68	ME_M660	ME_M68
72	71	0.002	M736	M68	ME_M736	ME_M68
73	71	0.0025	M737	M68	ME_M737	ME_M68
74	71	0.0005	M742	M68	ME_M742	ME_M68
76	71	0.01	M883	M68	ME_M883	ME_M68
77	71	0.011	M91	M68	ME_M91	ME_M68
78	71	0.0065	M92	M68	ME_M92	ME_M68
79	71	0.0395	M93	M68	ME_M93	ME_M68
80	71	0.0265	M936	M68	ME_M936	ME_M68
1	72	0.0035	M1024	M736	ME_M1024	ME_M736
2	72	0.0665	M1046	M736	ME_M1046	ME_M736
3	72	0.004	M1115	M736	ME_M1115	ME_M736
4	72	0.0075	M1158	M736	ME_M1158	ME_M736
5	72	0.0205	M1196	M736	ME_M1196	ME_M736
6	72	0.004	M1198	M736	ME_M1198	ME_M736
7	72	0.0165	M1206	M736	ME_M1206	ME_M736
8	72	0.0015	M1263	M736	ME_M1263	ME_M736
9	72	0.0075	M1304	M736	ME_M1304	ME_M736
10	72	0.0005	M1308	M736	ME_M1308	ME_M736
11	72	0.0005	M1313	M736	ME_M1313	ME_M736
12	72	0.0015	M1314	M736	ME_M1314	ME_M736
13	72	0.0555	M1317	M736	ME_M1317	ME_M736
14	72	0.0025	M1403	M736	ME_M1403	ME_M736
15	72	0.007	M1405	M736	ME_M1405	ME_M736
16	72	0.0055	M144	M736	ME_M144	ME_M736
17	72	0.0005	M1460	M736	ME_M1460	ME_M736
18	72	0.003	M1464	M736	ME_M1464	ME_M736
19	72	0.026	M1477	M736	ME_M1477	ME_M736
20	72	0.004	M1505	M736	ME_M1505	ME_M736
21	72	0.0125	M1506	M736	ME_M1506	ME_M736
22	72	0.019	M1508	M736	ME_M1508	ME_M736
23	72	0.007	M1509	M736	ME_M1509	ME_M736
24	72	0.0075	M1510	M736	ME_M1510	ME_M736
25	72	0.0025	M1537	M736	ME_M1537	ME_M736
26	72	0.008	M154	M736	ME_M154	ME_M736
27	72	0.001	M1543	M736	ME_M1543	ME_M736
28	72	0.0025	M1547	M736	ME_M1547	ME_M736
29	72	0.016	M1548	M736	ME_M1548	ME_M736
30	72	0.009	M1556	M736	ME_M1556	ME_M736
31	72	0.002	M1557	M736	ME_M1557	ME_M736
32	72	0.102	M1564	M736	ME_M1564	ME_M736
33	72	0.0035	M1572	M736	ME_M1572	ME_M736
34	72	0.004	M158	M736	ME_M158	ME_M736
35	72	0.005	M1582	M736	ME_M1582	ME_M736
36	72	0.004	M1592	M736	ME_M1592	ME_M736
37	72	0.003	M1599	M736	ME_M1599	ME_M736
38	72	0.0065	M1640	M736	ME_M1640	ME_M736
39	72	0.051	M1643	M736	ME_M1643	ME_M736
40	72	0.447	M1644	M736	ME_M1644	ME_M736
41	72	0.0235	M1649	M736	ME_M1649	ME_M736
42	72	0.0025	M1650	M736	ME_M1650	ME_M736
43	72	0.02	M1654	M736	ME_M1654	ME_M736
44	72	0.012	M1710	M736	ME_M1710	ME_M736
45	72	0.0065	M1823	M736	ME_M1823	ME_M736
46	72	0.0095	M1849	M736	ME_M1849	ME_M736
47	72	0.003	M1861	M736	ME_M1861	ME_M736
48	72	0.002	M187	M736	ME_M187	ME_M736
49	72	0.001	M188	M736	ME_M188	ME_M736
50	72	0.0025	M189	M736	ME_M189	ME_M736
51	72	0.001	M1903	M736	ME_M1903	ME_M736
52	72	0.0035	M1904	M736	ME_M1904	ME_M736
53	72	0.0025	M191	M736	ME_M191	ME_M736
54	72	0.012	M1918	M736	ME_M1918	ME_M736
55	72	0.0055	M192	M736	ME_M192	ME_M736
56	72	0.004	M193	M736	ME_M193	ME_M736
57	72	0.023	M1969	M736	ME_M1969	ME_M736
58	72	0.656	M2198	M736	ME_M2198	ME_M736
59	72	0.0005	M229	M736	ME_M229	ME_M736
60	72	0.047	M34	M736	ME_M34	ME_M736
61	72	0.002	M376	M736	ME_M376	ME_M736
62	72	0.0045	M38	M736	ME_M38	ME_M736
63	72	0.0085	M396	M736	ME_M396	ME_M736
64	72	0.006	M56	M736	ME_M56	ME_M736
65	72	0.023	M59	M736	ME_M59	ME_M736
66	72	0.0095	M635	M736	ME_M635	ME_M736
67	72	0.0215	M637	M736	ME_M637	ME_M736
68	72	0.004	M644	M736	ME_M644	ME_M736
69	72	0.004	M65	M736	ME_M65	ME_M736
70	72	0.4165	M660	M736	ME_M660	ME_M736
71	72	0.0095	M68	M736	ME_M68	ME_M736
73	72	0.193	M737	M736	ME_M737	ME_M736
74	72	0.163	M742	M736	ME_M742	ME_M736
75	72	0.2195	M744	M736	ME_M744	ME_M736
76	72	0.01	M883	M736	ME_M883	ME_M736
77	72	0.005	M91	M736	ME_M91	ME_M736
78	72	0.0135	M92	M736	ME_M92	ME_M736
79	72	0.009	M93	M736	ME_M93	ME_M736
80	72	0.0065	M936	M736	ME_M936	ME_M736
1	73	0.0075	M1024	M737	ME_M1024	ME_M737
2	73	0.0125	M1046	M737	ME_M1046	ME_M737
3	73	0.0055	M1115	M737	ME_M1115	ME_M737
4	73	0.003	M1158	M737	ME_M1158	ME_M737
5	73	0.018	M1196	M737	ME_M1196	ME_M737
6	73	0.0075	M1198	M737	ME_M1198	ME_M737
7	73	0.0165	M1206	M737	ME_M1206	ME_M737
8	73	0.006	M1263	M737	ME_M1263	ME_M737
9	73	0.029	M1304	M737	ME_M1304	ME_M737
11	73	0.001	M1313	M737	ME_M1313	ME_M737
12	73	0.0075	M1314	M737	ME_M1314	ME_M737
13	73	0.0275	M1317	M737	ME_M1317	ME_M737
14	73	0.0055	M1403	M737	ME_M1403	ME_M737
15	73	0.0085	M1405	M737	ME_M1405	ME_M737
16	73	0.0035	M144	M737	ME_M144	ME_M737
17	73	0.002	M1460	M737	ME_M1460	ME_M737
18	73	0.005	M1464	M737	ME_M1464	ME_M737
19	73	0.003	M1477	M737	ME_M1477	ME_M737
20	73	0.0035	M1505	M737	ME_M1505	ME_M737
21	73	0.0095	M1506	M737	ME_M1506	ME_M737
22	73	0.006	M1508	M737	ME_M1508	ME_M737
23	73	0.004	M1509	M737	ME_M1509	ME_M737
24	73	0.0075	M1510	M737	ME_M1510	ME_M737
25	73	0.019	M1537	M737	ME_M1537	ME_M737
26	73	0.003	M154	M737	ME_M154	ME_M737
27	73	0.0055	M1543	M737	ME_M1543	ME_M737
28	73	0.001	M1547	M737	ME_M1547	ME_M737
29	73	0.008	M1548	M737	ME_M1548	ME_M737
30	73	0.003	M1556	M737	ME_M1556	ME_M737
31	73	0.0145	M1557	M737	ME_M1557	ME_M737
32	73	0.058	M1564	M737	ME_M1564	ME_M737
33	73	0.023	M1572	M737	ME_M1572	ME_M737
34	73	0.005	M158	M737	ME_M158	ME_M737
35	73	0.006	M1582	M737	ME_M1582	ME_M737
36	73	0.0035	M1592	M737	ME_M1592	ME_M737
37	73	0.0025	M1599	M737	ME_M1599	ME_M737
38	73	0.016	M1640	M737	ME_M1640	ME_M737
39	73	0.0095	M1643	M737	ME_M1643	ME_M737
40	73	0.011	M1644	M737	ME_M1644	ME_M737
41	73	0.006	M1649	M737	ME_M1649	ME_M737
42	73	0.011	M1650	M737	ME_M1650	ME_M737
43	73	0.2635	M1654	M737	ME_M1654	ME_M737
44	73	0.0045	M1710	M737	ME_M1710	ME_M737
45	73	0.0085	M1823	M737	ME_M1823	ME_M737
46	73	0.02	M1849	M737	ME_M1849	ME_M737
47	73	0.007	M1861	M737	ME_M1861	ME_M737
48	73	0.004	M187	M737	ME_M187	ME_M737
49	73	0.001	M188	M737	ME_M188	ME_M737
50	73	0.0285	M189	M737	ME_M189	ME_M737
51	73	0.0075	M1903	M737	ME_M1903	ME_M737
52	73	0.004	M1904	M737	ME_M1904	ME_M737
53	73	0.0035	M191	M737	ME_M191	ME_M737
54	73	0.011	M1918	M737	ME_M1918	ME_M737
55	73	0.006	M192	M737	ME_M192	ME_M737
56	73	0.0065	M193	M737	ME_M193	ME_M737
57	73	0.0085	M1969	M737	ME_M1969	ME_M737
58	73	0.0225	M2198	M737	ME_M2198	ME_M737
59	73	0.005	M229	M737	ME_M229	ME_M737
60	73	0.0075	M34	M737	ME_M34	ME_M737
61	73	0.004	M376	M737	ME_M376	ME_M737
62	73	0.0015	M38	M737	ME_M38	ME_M737
63	73	0.0085	M396	M737	ME_M396	ME_M737
64	73	0.0105	M56	M737	ME_M56	ME_M737
65	73	0.0095	M59	M737	ME_M59	ME_M737
66	73	0.179	M635	M737	ME_M635	ME_M737
67	73	0.814	M637	M737	ME_M637	ME_M737
68	73	0.01	M644	M737	ME_M644	ME_M737
69	73	0.0125	M65	M737	ME_M65	ME_M737
70	73	0.0455	M660	M737	ME_M660	ME_M737
71	73	0.015	M68	M737	ME_M68	ME_M737
72	73	0.77	M736	M737	ME_M736	ME_M737
74	73	0.0165	M742	M737	ME_M742	ME_M737
75	73	0.099	M744	M737	ME_M744	ME_M737
76	73	0.0095	M883	M737	ME_M883	ME_M737
77	73	0.011	M91	M737	ME_M91	ME_M737
78	73	0.034	M92	M737	ME_M92	ME_M737
79	73	0.0085	M93	M737	ME_M93	ME_M737
80	73	0.0045	M936	M737	ME_M936	ME_M737
1	74	0.0175	M1024	M742	ME_M1024	ME_M742
2	74	0.0065	M1046	M742	ME_M1046	ME_M742
3	74	0.0015	M1115	M742	ME_M1115	ME_M742
4	74	0.819	M1158	M742	ME_M1158	ME_M742
5	74	0.018	M1196	M742	ME_M1196	ME_M742
6	74	0.0075	M1198	M742	ME_M1198	ME_M742
7	74	0.014	M1206	M742	ME_M1206	ME_M742
8	74	0.005	M1263	M742	ME_M1263	ME_M742
9	74	0.0045	M1304	M742	ME_M1304	ME_M742
10	74	0.0015	M1308	M742	ME_M1308	ME_M742
11	74	0.0145	M1313	M742	ME_M1313	ME_M742
12	74	0.0015	M1314	M742	ME_M1314	ME_M742
13	74	0.002	M1317	M742	ME_M1317	ME_M742
14	74	0.035	M1403	M742	ME_M1403	ME_M742
15	74	0.012	M1405	M742	ME_M1405	ME_M742
16	74	0.003	M144	M742	ME_M144	ME_M742
17	74	0.0105	M1460	M742	ME_M1460	ME_M742
18	74	0.015	M1464	M742	ME_M1464	ME_M742
19	74	0.0115	M1477	M742	ME_M1477	ME_M742
20	74	0.008	M1505	M742	ME_M1505	ME_M742
21	74	0.0055	M1506	M742	ME_M1506	ME_M742
22	74	0.006	M1508	M742	ME_M1508	ME_M742
23	74	0.0025	M1509	M742	ME_M1509	ME_M742
24	74	0.017	M1510	M742	ME_M1510	ME_M742
25	74	0.0105	M1537	M742	ME_M1537	ME_M742
26	74	0.011	M154	M742	ME_M154	ME_M742
27	74	0.0085	M1543	M742	ME_M1543	ME_M742
28	74	0.0005	M1547	M742	ME_M1547	ME_M742
29	74	0.0675	M1548	M742	ME_M1548	ME_M742
30	74	0.008	M1556	M742	ME_M1556	ME_M742
31	74	0.004	M1557	M742	ME_M1557	ME_M742
32	74	0.0245	M1564	M742	ME_M1564	ME_M742
33	74	0.0005	M1572	M742	ME_M1572	ME_M742
34	74	0.0055	M158	M742	ME_M158	ME_M742
35	74	0.025	M1582	M742	ME_M1582	ME_M742
36	74	0.016	M1592	M742	ME_M1592	ME_M742
37	74	0.0055	M1599	M742	ME_M1599	ME_M742
38	74	0.006	M1640	M742	ME_M1640	ME_M742
39	74	0.0105	M1643	M742	ME_M1643	ME_M742
40	74	0.0085	M1644	M742	ME_M1644	ME_M742
41	74	0.0065	M1649	M742	ME_M1649	ME_M742
42	74	0.005	M1650	M742	ME_M1650	ME_M742
43	74	0.068	M1654	M742	ME_M1654	ME_M742
44	74	0.0165	M1710	M742	ME_M1710	ME_M742
45	74	0.096	M1823	M742	ME_M1823	ME_M742
46	74	0.008	M1849	M742	ME_M1849	ME_M742
47	74	0.013	M1861	M742	ME_M1861	ME_M742
48	74	0.005	M187	M742	ME_M187	ME_M742
49	74	0.041	M188	M742	ME_M188	ME_M742
50	74	0.011	M189	M742	ME_M189	ME_M742
51	74	0.0025	M1903	M742	ME_M1903	ME_M742
52	74	0.001	M1904	M742	ME_M1904	ME_M742
53	74	0.003	M191	M742	ME_M191	ME_M742
54	74	0.008	M1918	M742	ME_M1918	ME_M742
55	74	0.002	M192	M742	ME_M192	ME_M742
56	74	0.019	M193	M742	ME_M193	ME_M742
57	74	0.0135	M1969	M742	ME_M1969	ME_M742
58	74	0.067	M2198	M742	ME_M2198	ME_M742
59	74	0.004	M229	M742	ME_M229	ME_M742
60	74	0.0155	M34	M742	ME_M34	ME_M742
61	74	0.003	M376	M742	ME_M376	ME_M742
62	74	0.0165	M38	M742	ME_M38	ME_M742
63	74	0.002	M396	M742	ME_M396	ME_M742
64	74	0.002	M56	M742	ME_M56	ME_M742
65	74	0.003	M59	M742	ME_M59	ME_M742
66	74	0.031	M635	M742	ME_M635	ME_M742
67	74	0.0085	M637	M742	ME_M637	ME_M742
68	74	0.229	M644	M742	ME_M644	ME_M742
69	74	0.0145	M65	M742	ME_M65	ME_M742
70	74	0.1115	M660	M742	ME_M660	ME_M742
71	74	0.013	M68	M742	ME_M68	ME_M742
72	74	0.7565	M736	M742	ME_M736	ME_M742
73	74	0.0235	M737	M742	ME_M737	ME_M742
75	74	0.042	M744	M742	ME_M744	ME_M742
76	74	0.008	M883	M742	ME_M883	ME_M742
77	74	0.002	M91	M742	ME_M91	ME_M742
78	74	0.0035	M92	M742	ME_M92	ME_M742
79	74	0.001	M93	M742	ME_M93	ME_M742
80	74	0.004	M936	M742	ME_M936	ME_M742
1	75	0.0085	M1024	M744	ME_M1024	ME_M744
2	75	0.0365	M1046	M744	ME_M1046	ME_M744
3	75	0.0015	M1115	M744	ME_M1115	ME_M744
4	75	0.0095	M1158	M744	ME_M1158	ME_M744
5	75	0.0555	M1196	M744	ME_M1196	ME_M744
6	75	0.0065	M1198	M744	ME_M1198	ME_M744
7	75	0.0065	M1206	M744	ME_M1206	ME_M744
8	75	0.0035	M1263	M744	ME_M1263	ME_M744
9	75	0.0025	M1304	M744	ME_M1304	ME_M744
11	75	0.0005	M1313	M744	ME_M1313	ME_M744
12	75	0.001	M1314	M744	ME_M1314	ME_M744
13	75	0.01	M1317	M744	ME_M1317	ME_M744
14	75	0.003	M1403	M744	ME_M1403	ME_M744
15	75	0.014	M1405	M744	ME_M1405	ME_M744
16	75	0.005	M144	M744	ME_M144	ME_M744
17	75	0.016	M1460	M744	ME_M1460	ME_M744
18	75	0.005	M1464	M744	ME_M1464	ME_M744
19	75	0.4585	M1477	M744	ME_M1477	ME_M744
20	75	0.0075	M1505	M744	ME_M1505	ME_M744
21	75	0.0345	M1506	M744	ME_M1506	ME_M744
22	75	0.034	M1508	M744	ME_M1508	ME_M744
23	75	0.013	M1509	M744	ME_M1509	ME_M744
24	75	0.0135	M1510	M744	ME_M1510	ME_M744
25	75	0.0035	M1537	M744	ME_M1537	ME_M744
26	75	0.008	M154	M744	ME_M154	ME_M744
27	75	0.001	M1543	M744	ME_M1543	ME_M744
29	75	0.011	M1548	M744	ME_M1548	ME_M744
30	75	0.0055	M1556	M744	ME_M1556	ME_M744
31	75	0.0135	M1557	M744	ME_M1557	ME_M744
32	75	0.0265	M1564	M744	ME_M1564	ME_M744
33	75	0.001	M1572	M744	ME_M1572	ME_M744
34	75	0.0105	M158	M744	ME_M158	ME_M744
35	75	0.0035	M1582	M744	ME_M1582	ME_M744
36	75	0.0005	M1592	M744	ME_M1592	ME_M744
37	75	0.024	M1599	M744	ME_M1599	ME_M744
38	75	0.0165	M1640	M744	ME_M1640	ME_M744
39	75	0.0035	M1643	M744	ME_M1643	ME_M744
40	75	0.0415	M1644	M744	ME_M1644	ME_M744
41	75	0.027	M1649	M744	ME_M1649	ME_M744
42	75	0.009	M1650	M744	ME_M1650	ME_M744
43	75	0.0615	M1654	M744	ME_M1654	ME_M744
44	75	0.009	M1710	M744	ME_M1710	ME_M744
45	75	0.016	M1823	M744	ME_M1823	ME_M744
46	75	0.7445	M1849	M744	ME_M1849	ME_M744
47	75	0.0045	M1861	M744	ME_M1861	ME_M744
48	75	0.0015	M187	M744	ME_M187	ME_M744
49	75	0.006	M188	M744	ME_M188	ME_M744
50	75	0.003	M189	M744	ME_M189	ME_M744
51	75	0.0015	M1903	M744	ME_M1903	ME_M744
52	75	0.0005	M1904	M744	ME_M1904	ME_M744
53	75	0.02	M191	M744	ME_M191	ME_M744
54	75	0.0095	M1918	M744	ME_M1918	ME_M744
55	75	0.0025	M192	M744	ME_M192	ME_M744
56	75	0.0065	M193	M744	ME_M193	ME_M744
57	75	0.0145	M1969	M744	ME_M1969	ME_M744
58	75	0.0105	M2198	M744	ME_M2198	ME_M744
59	75	0.008	M229	M744	ME_M229	ME_M744
60	75	0.0365	M34	M744	ME_M34	ME_M744
61	75	0.004	M376	M744	ME_M376	ME_M744
62	75	0.0145	M38	M744	ME_M38	ME_M744
63	75	0.002	M396	M744	ME_M396	ME_M744
64	75	0.023	M56	M744	ME_M56	ME_M744
65	75	0.0025	M59	M744	ME_M59	ME_M744
66	75	0.004	M635	M744	ME_M635	ME_M744
67	75	0.009	M637	M744	ME_M637	ME_M744
68	75	0.0375	M644	M744	ME_M644	ME_M744
69	75	0.003	M65	M744	ME_M65	ME_M744
70	75	0.0265	M660	M744	ME_M660	ME_M744
71	75	0.0035	M68	M744	ME_M68	ME_M744
72	75	0.7425	M736	M744	ME_M736	ME_M744
73	75	0.0185	M737	M744	ME_M737	ME_M744
74	75	0.0285	M742	M744	ME_M742	ME_M744
76	75	0.0305	M883	M744	ME_M883	ME_M744
77	75	0.0055	M91	M744	ME_M91	ME_M744
78	75	0.018	M92	M744	ME_M92	ME_M744
79	75	0.005	M93	M744	ME_M93	ME_M744
80	75	0.033	M936	M744	ME_M936	ME_M744
1	76	0.0025	M1024	M883	ME_M1024	ME_M883
2	76	0.024	M1046	M883	ME_M1046	ME_M883
3	76	0.002	M1115	M883	ME_M1115	ME_M883
4	76	0.014	M1158	M883	ME_M1158	ME_M883
5	76	0.364	M1196	M883	ME_M1196	ME_M883
6	76	0.2415	M1198	M883	ME_M1198	ME_M883
7	76	0.088	M1206	M883	ME_M1206	ME_M883
8	76	0.0015	M1263	M883	ME_M1263	ME_M883
9	76	0.0225	M1304	M883	ME_M1304	ME_M883
10	76	0.0005	M1308	M883	ME_M1308	ME_M883
11	76	0.002	M1313	M883	ME_M1313	ME_M883
12	76	0.0005	M1314	M883	ME_M1314	ME_M883
13	76	0.0075	M1317	M883	ME_M1317	ME_M883
14	76	0.002	M1403	M883	ME_M1403	ME_M883
15	76	0.012	M1405	M883	ME_M1405	ME_M883
16	76	0.0155	M144	M883	ME_M144	ME_M883
17	76	0.0115	M1460	M883	ME_M1460	ME_M883
18	76	0.0055	M1464	M883	ME_M1464	ME_M883
19	76	0.15	M1477	M883	ME_M1477	ME_M883
20	76	0.0175	M1505	M883	ME_M1505	ME_M883
21	76	0.0265	M1506	M883	ME_M1506	ME_M883
22	76	0.009	M1508	M883	ME_M1508	ME_M883
23	76	0.0045	M1509	M883	ME_M1509	ME_M883
24	76	0.023	M1510	M883	ME_M1510	ME_M883
25	76	0.0005	M1537	M883	ME_M1537	ME_M883
26	76	0.0095	M154	M883	ME_M154	ME_M883
27	76	0.0005	M1543	M883	ME_M1543	ME_M883
28	76	0.0005	M1547	M883	ME_M1547	ME_M883
29	76	0.003	M1548	M883	ME_M1548	ME_M883
30	76	0.1505	M1556	M883	ME_M1556	ME_M883
31	76	0.494	M1557	M883	ME_M1557	ME_M883
32	76	0.0555	M1564	M883	ME_M1564	ME_M883
33	76	0.0005	M1572	M883	ME_M1572	ME_M883
34	76	0.01	M158	M883	ME_M158	ME_M883
35	76	0.015	M1582	M883	ME_M1582	ME_M883
36	76	0.003	M1592	M883	ME_M1592	ME_M883
37	76	0.002	M1599	M883	ME_M1599	ME_M883
38	76	0.008	M1640	M883	ME_M1640	ME_M883
39	76	0.0005	M1643	M883	ME_M1643	ME_M883
40	76	0.4735	M1644	M883	ME_M1644	ME_M883
41	76	0.006	M1649	M883	ME_M1649	ME_M883
42	76	0.0025	M1650	M883	ME_M1650	ME_M883
43	76	0.029	M1654	M883	ME_M1654	ME_M883
44	76	0.058	M1710	M883	ME_M1710	ME_M883
45	76	0.0335	M1823	M883	ME_M1823	ME_M883
46	76	0.0045	M1849	M883	ME_M1849	ME_M883
47	76	0.0145	M1861	M883	ME_M1861	ME_M883
48	76	0.0085	M187	M883	ME_M187	ME_M883
49	76	0.016	M188	M883	ME_M188	ME_M883
51	76	0.0005	M1903	M883	ME_M1903	ME_M883
52	76	0.0005	M1904	M883	ME_M1904	ME_M883
53	76	0.0005	M191	M883	ME_M191	ME_M883
54	76	0.012	M1918	M883	ME_M1918	ME_M883
55	76	0.005	M192	M883	ME_M192	ME_M883
56	76	0.0015	M193	M883	ME_M193	ME_M883
57	76	0.006	M1969	M883	ME_M1969	ME_M883
58	76	0.025	M2198	M883	ME_M2198	ME_M883
59	76	0.001	M229	M883	ME_M229	ME_M883
60	76	0.007	M34	M883	ME_M34	ME_M883
61	76	0.038	M376	M883	ME_M376	ME_M883
62	76	0.0075	M38	M883	ME_M38	ME_M883
63	76	0.0015	M396	M883	ME_M396	ME_M883
64	76	0.0365	M56	M883	ME_M56	ME_M883
65	76	0.076	M59	M883	ME_M59	ME_M883
66	76	0.0055	M635	M883	ME_M635	ME_M883
67	76	0.0455	M637	M883	ME_M637	ME_M883
69	76	0.0155	M65	M883	ME_M65	ME_M883
70	76	0.0275	M660	M883	ME_M660	ME_M883
71	76	0.0115	M68	M883	ME_M68	ME_M883
72	76	0.001	M736	M883	ME_M736	ME_M883
73	76	0.0065	M737	M883	ME_M737	ME_M883
74	76	0.0005	M742	M883	ME_M742	ME_M883
75	76	0.0025	M744	M883	ME_M744	ME_M883
77	76	0.0035	M91	M883	ME_M91	ME_M883
78	76	0.007	M92	M883	ME_M92	ME_M883
79	76	0.023	M93	M883	ME_M93	ME_M883
80	76	0.0095	M936	M883	ME_M936	ME_M883
1	77	0.003	M1024	M91	ME_M1024	ME_M91
2	77	0.015	M1046	M91	ME_M1046	ME_M91
3	77	0.0025	M1115	M91	ME_M1115	ME_M91
4	77	0.006	M1158	M91	ME_M1158	ME_M91
5	77	0.0105	M1196	M91	ME_M1196	ME_M91
6	77	0.0295	M1198	M91	ME_M1198	ME_M91
7	77	0.008	M1206	M91	ME_M1206	ME_M91
8	77	0.028	M1263	M91	ME_M1263	ME_M91
9	77	0.524	M1304	M91	ME_M1304	ME_M91
10	77	0.0035	M1308	M91	ME_M1308	ME_M91
11	77	0.0025	M1313	M91	ME_M1313	ME_M91
12	77	0.0205	M1314	M91	ME_M1314	ME_M91
13	77	0.036	M1317	M91	ME_M1317	ME_M91
14	77	0.02	M1403	M91	ME_M1403	ME_M91
15	77	0.013	M1405	M91	ME_M1405	ME_M91
16	77	0.01	M144	M91	ME_M144	ME_M91
17	77	0.004	M1460	M91	ME_M1460	ME_M91
18	77	0.0055	M1464	M91	ME_M1464	ME_M91
19	77	0.005	M1477	M91	ME_M1477	ME_M91
20	77	0.0065	M1505	M91	ME_M1505	ME_M91
21	77	0.01	M1506	M91	ME_M1506	ME_M91
22	77	0.004	M1508	M91	ME_M1508	ME_M91
23	77	0.0055	M1509	M91	ME_M1509	ME_M91
24	77	0.005	M1510	M91	ME_M1510	ME_M91
25	77	0.0005	M1537	M91	ME_M1537	ME_M91
26	77	0.0115	M154	M91	ME_M154	ME_M91
27	77	0.0115	M1543	M91	ME_M1543	ME_M91
28	77	0.002	M1547	M91	ME_M1547	ME_M91
29	77	0.023	M1548	M91	ME_M1548	ME_M91
30	77	0.0075	M1556	M91	ME_M1556	ME_M91
31	77	0.026	M1557	M91	ME_M1557	ME_M91
32	77	0.005	M1564	M91	ME_M1564	ME_M91
33	77	0.002	M1572	M91	ME_M1572	ME_M91
34	77	0.018	M158	M91	ME_M158	ME_M91
35	77	0.005	M1582	M91	ME_M1582	ME_M91
36	77	0.0005	M1592	M91	ME_M1592	ME_M91
37	77	0.002	M1599	M91	ME_M1599	ME_M91
38	77	0.009	M1640	M91	ME_M1640	ME_M91
39	77	0.002	M1643	M91	ME_M1643	ME_M91
40	77	0.012	M1644	M91	ME_M1644	ME_M91
41	77	0.005	M1649	M91	ME_M1649	ME_M91
42	77	0.004	M1650	M91	ME_M1650	ME_M91
43	77	0.0055	M1654	M91	ME_M1654	ME_M91
44	77	0.0065	M1710	M91	ME_M1710	ME_M91
45	77	0.045	M1823	M91	ME_M1823	ME_M91
46	77	0.046	M1849	M91	ME_M1849	ME_M91
47	77	0.041	M1861	M91	ME_M1861	ME_M91
48	77	0.003	M187	M91	ME_M187	ME_M91
49	77	0.0035	M188	M91	ME_M188	ME_M91
50	77	0.2335	M189	M91	ME_M189	ME_M91
51	77	0.0015	M1903	M91	ME_M1903	ME_M91
52	77	0.0005	M1904	M91	ME_M1904	ME_M91
53	77	0.0995	M191	M91	ME_M191	ME_M91
54	77	0.0085	M1918	M91	ME_M1918	ME_M91
55	77	0.099	M192	M91	ME_M192	ME_M91
56	77	0.0075	M193	M91	ME_M193	ME_M91
57	77	0.0035	M1969	M91	ME_M1969	ME_M91
58	77	0.004	M2198	M91	ME_M2198	ME_M91
59	77	0.044	M229	M91	ME_M229	ME_M91
60	77	0.012	M34	M91	ME_M34	ME_M91
61	77	0.014	M376	M91	ME_M376	ME_M91
62	77	0.0095	M38	M91	ME_M38	ME_M91
63	77	0.007	M396	M91	ME_M396	ME_M91
64	77	0.272	M56	M91	ME_M56	ME_M91
65	77	0.01	M59	M91	ME_M59	ME_M91
66	77	0.007	M635	M91	ME_M635	ME_M91
67	77	0.016	M637	M91	ME_M637	ME_M91
68	77	0.0015	M644	M91	ME_M644	ME_M91
69	77	0.024	M65	M91	ME_M65	ME_M91
70	77	0.022	M660	M91	ME_M660	ME_M91
71	77	0.017	M68	M91	ME_M68	ME_M91
72	77	0.0055	M736	M91	ME_M736	ME_M91
73	77	0.0125	M737	M91	ME_M737	ME_M91
75	77	0.017	M744	M91	ME_M744	ME_M91
76	77	0.011	M883	M91	ME_M883	ME_M91
78	77	0.478	M92	M91	ME_M92	ME_M91
79	77	0.336	M93	M91	ME_M93	ME_M91
80	77	0.018	M936	M91	ME_M936	ME_M91
1	78	0.001	M1024	M92	ME_M1024	ME_M92
2	78	0.024	M1046	M92	ME_M1046	ME_M92
3	78	0.0035	M1115	M92	ME_M1115	ME_M92
4	78	0.007	M1158	M92	ME_M1158	ME_M92
5	78	0.006	M1196	M92	ME_M1196	ME_M92
6	78	0.025	M1198	M92	ME_M1198	ME_M92
7	78	0.0025	M1206	M92	ME_M1206	ME_M92
8	78	0.0215	M1263	M92	ME_M1263	ME_M92
9	78	0.0375	M1304	M92	ME_M1304	ME_M92
10	78	0.0005	M1308	M92	ME_M1308	ME_M92
11	78	0.002	M1313	M92	ME_M1313	ME_M92
12	78	0.003	M1314	M92	ME_M1314	ME_M92
13	78	0.025	M1317	M92	ME_M1317	ME_M92
14	78	0.001	M1403	M92	ME_M1403	ME_M92
15	78	0.0075	M1405	M92	ME_M1405	ME_M92
16	78	0.0235	M144	M92	ME_M144	ME_M92
17	78	0.0035	M1460	M92	ME_M1460	ME_M92
18	78	0.002	M1464	M92	ME_M1464	ME_M92
19	78	0.0005	M1477	M92	ME_M1477	ME_M92
20	78	0.0035	M1505	M92	ME_M1505	ME_M92
21	78	0.002	M1506	M92	ME_M1506	ME_M92
22	78	0.01	M1508	M92	ME_M1508	ME_M92
23	78	0.005	M1509	M92	ME_M1509	ME_M92
24	78	0.0045	M1510	M92	ME_M1510	ME_M92
26	78	0.0455	M154	M92	ME_M154	ME_M92
27	78	0.008	M1543	M92	ME_M1543	ME_M92
29	78	0.0065	M1548	M92	ME_M1548	ME_M92
30	78	0.0075	M1556	M92	ME_M1556	ME_M92
31	78	0.049	M1557	M92	ME_M1557	ME_M92
32	78	0.025	M1564	M92	ME_M1564	ME_M92
33	78	0.0005	M1572	M92	ME_M1572	ME_M92
34	78	0.0605	M158	M92	ME_M158	ME_M92
35	78	0.002	M1582	M92	ME_M1582	ME_M92
36	78	0.0015	M1592	M92	ME_M1592	ME_M92
37	78	0.002	M1599	M92	ME_M1599	ME_M92
38	78	0.0025	M1640	M92	ME_M1640	ME_M92
40	78	0.0025	M1644	M92	ME_M1644	ME_M92
42	78	0.0025	M1650	M92	ME_M1650	ME_M92
43	78	0.0115	M1654	M92	ME_M1654	ME_M92
44	78	0.003	M1710	M92	ME_M1710	ME_M92
45	78	0.028	M1823	M92	ME_M1823	ME_M92
46	78	0.1385	M1849	M92	ME_M1849	ME_M92
47	78	0.0085	M1861	M92	ME_M1861	ME_M92
48	78	0.001	M187	M92	ME_M187	ME_M92
49	78	0.0135	M188	M92	ME_M188	ME_M92
50	78	0.0035	M189	M92	ME_M189	ME_M92
54	78	0.0075	M1918	M92	ME_M1918	ME_M92
55	78	0.0235	M192	M92	ME_M192	ME_M92
56	78	0.005	M193	M92	ME_M193	ME_M92
57	78	0.005	M1969	M92	ME_M1969	ME_M92
58	78	0.0055	M2198	M92	ME_M2198	ME_M92
59	78	0.0015	M229	M92	ME_M229	ME_M92
60	78	0.0125	M34	M92	ME_M34	ME_M92
61	78	0.009	M376	M92	ME_M376	ME_M92
62	78	0.007	M38	M92	ME_M38	ME_M92
63	78	0.003	M396	M92	ME_M396	ME_M92
64	78	0.6905	M56	M92	ME_M56	ME_M92
65	78	0.0075	M59	M92	ME_M59	ME_M92
66	78	0.0665	M635	M92	ME_M635	ME_M92
67	78	0.017	M637	M92	ME_M637	ME_M92
68	78	0.001	M644	M92	ME_M644	ME_M92
69	78	0.008	M65	M92	ME_M65	ME_M92
70	78	0.549	M660	M92	ME_M660	ME_M92
71	78	0.0095	M68	M92	ME_M68	ME_M92
72	78	0.002	M736	M92	ME_M736	ME_M92
73	78	0.008	M737	M92	ME_M737	ME_M92
75	78	0.0035	M744	M92	ME_M744	ME_M92
76	78	0.0085	M883	M92	ME_M883	ME_M92
77	78	0.074	M91	M92	ME_M91	ME_M92
79	78	0.7015	M93	M92	ME_M93	ME_M92
80	78	0.0025	M936	M92	ME_M936	ME_M92
1	79	0.0035	M1024	M93	ME_M1024	ME_M93
2	79	0.028	M1046	M93	ME_M1046	ME_M93
3	79	0.003	M1115	M93	ME_M1115	ME_M93
4	79	0.0035	M1158	M93	ME_M1158	ME_M93
5	79	0.004	M1196	M93	ME_M1196	ME_M93
6	79	0.0535	M1198	M93	ME_M1198	ME_M93
7	79	0.004	M1206	M93	ME_M1206	ME_M93
8	79	0.012	M1263	M93	ME_M1263	ME_M93
9	79	0.1945	M1304	M93	ME_M1304	ME_M93
10	79	0.0005	M1308	M93	ME_M1308	ME_M93
11	79	0.002	M1313	M93	ME_M1313	ME_M93
12	79	0.005	M1314	M93	ME_M1314	ME_M93
13	79	0.3115	M1317	M93	ME_M1317	ME_M93
15	79	0.0045	M1405	M93	ME_M1405	ME_M93
16	79	0.0175	M144	M93	ME_M144	ME_M93
17	79	0.015	M1460	M93	ME_M1460	ME_M93
18	79	0.0025	M1464	M93	ME_M1464	ME_M93
19	79	0.0055	M1477	M93	ME_M1477	ME_M93
20	79	0.0055	M1505	M93	ME_M1505	ME_M93
21	79	0.003	M1506	M93	ME_M1506	ME_M93
22	79	0.0255	M1508	M93	ME_M1508	ME_M93
23	79	0.0045	M1509	M93	ME_M1509	ME_M93
24	79	0.0075	M1510	M93	ME_M1510	ME_M93
25	79	0.001	M1537	M93	ME_M1537	ME_M93
26	79	0.1765	M154	M93	ME_M154	ME_M93
27	79	0.0085	M1543	M93	ME_M1543	ME_M93
28	79	0.001	M1547	M93	ME_M1547	ME_M93
29	79	0.0025	M1548	M93	ME_M1548	ME_M93
30	79	0.0045	M1556	M93	ME_M1556	ME_M93
31	79	0.3465	M1557	M93	ME_M1557	ME_M93
32	79	0.004	M1564	M93	ME_M1564	ME_M93
33	79	0.0005	M1572	M93	ME_M1572	ME_M93
34	79	0.0705	M158	M93	ME_M158	ME_M93
35	79	0.0045	M1582	M93	ME_M1582	ME_M93
37	79	0.001	M1599	M93	ME_M1599	ME_M93
38	79	0.002	M1640	M93	ME_M1640	ME_M93
39	79	0.0045	M1643	M93	ME_M1643	ME_M93
40	79	0.03	M1644	M93	ME_M1644	ME_M93
41	79	0.0025	M1649	M93	ME_M1649	ME_M93
42	79	0.0015	M1650	M93	ME_M1650	ME_M93
43	79	0.0085	M1654	M93	ME_M1654	ME_M93
44	79	0.0035	M1710	M93	ME_M1710	ME_M93
45	79	0.0595	M1823	M93	ME_M1823	ME_M93
46	79	0.276	M1849	M93	ME_M1849	ME_M93
47	79	0.056	M1861	M93	ME_M1861	ME_M93
48	79	0.004	M187	M93	ME_M187	ME_M93
49	79	0.0195	M188	M93	ME_M188	ME_M93
50	79	0.001	M189	M93	ME_M189	ME_M93
51	79	0.0005	M1903	M93	ME_M1903	ME_M93
52	79	0.001	M1904	M93	ME_M1904	ME_M93
53	79	0.001	M191	M93	ME_M191	ME_M93
54	79	0.1745	M1918	M93	ME_M1918	ME_M93
55	79	0.0125	M192	M93	ME_M192	ME_M93
56	79	0.009	M193	M93	ME_M193	ME_M93
57	79	0.0005	M1969	M93	ME_M1969	ME_M93
58	79	0.002	M2198	M93	ME_M2198	ME_M93
59	79	0.001	M229	M93	ME_M229	ME_M93
60	79	0.006	M34	M93	ME_M34	ME_M93
61	79	0.0355	M376	M93	ME_M376	ME_M93
62	79	0.008	M38	M93	ME_M38	ME_M93
63	79	0.0115	M396	M93	ME_M396	ME_M93
64	79	0.0315	M56	M93	ME_M56	ME_M93
65	79	0.0065	M59	M93	ME_M59	ME_M93
66	79	0.0345	M635	M93	ME_M635	ME_M93
67	79	0.0775	M637	M93	ME_M637	ME_M93
69	79	0.009	M65	M93	ME_M65	ME_M93
70	79	0.014	M660	M93	ME_M660	ME_M93
71	79	0.019	M68	M93	ME_M68	ME_M93
72	79	0.001	M736	M93	ME_M736	ME_M93
73	79	0.005	M737	M93	ME_M737	ME_M93
74	79	0.0015	M742	M93	ME_M742	ME_M93
75	79	0.0005	M744	M93	ME_M744	ME_M93
76	79	0.0435	M883	M93	ME_M883	ME_M93
77	79	0.2025	M91	M93	ME_M91	ME_M93
78	79	0.2705	M92	M93	ME_M92	ME_M93
80	79	0.07	M936	M93	ME_M936	ME_M93
1	80	0.0105	M1024	M936	ME_M1024	ME_M936
2	80	0.81	M1046	M936	ME_M1046	ME_M936
3	80	0.0065	M1115	M936	ME_M1115	ME_M936
4	80	0.0175	M1158	M936	ME_M1158	ME_M936
5	80	0.0255	M1196	M936	ME_M1196	ME_M936
6	80	0.0245	M1198	M936	ME_M1198	ME_M936
7	80	0.0245	M1206	M936	ME_M1206	ME_M936
8	80	0.01	M1263	M936	ME_M1263	ME_M936
9	80	0.008	M1304	M936	ME_M1304	ME_M936
10	80	0.002	M1308	M936	ME_M1308	ME_M936
11	80	0.001	M1313	M936	ME_M1313	ME_M936
12	80	0.0015	M1314	M936	ME_M1314	ME_M936
13	80	0.0075	M1317	M936	ME_M1317	ME_M936
14	80	0.0045	M1403	M936	ME_M1403	ME_M936
15	80	0.007	M1405	M936	ME_M1405	ME_M936
16	80	0.0045	M144	M936	ME_M144	ME_M936
17	80	0.0025	M1460	M936	ME_M1460	ME_M936
18	80	0.0015	M1464	M936	ME_M1464	ME_M936
19	80	0.0085	M1477	M936	ME_M1477	ME_M936
20	80	0.0035	M1505	M936	ME_M1505	ME_M936
21	80	0.0045	M1506	M936	ME_M1506	ME_M936
22	80	0.0015	M1508	M936	ME_M1508	ME_M936
23	80	0.0015	M1509	M936	ME_M1509	ME_M936
24	80	0.0075	M1510	M936	ME_M1510	ME_M936
25	80	0.0115	M1537	M936	ME_M1537	ME_M936
26	80	0.0065	M154	M936	ME_M154	ME_M936
27	80	0.004	M1543	M936	ME_M1543	ME_M936
28	80	0.0005	M1547	M936	ME_M1547	ME_M936
29	80	0.0015	M1548	M936	ME_M1548	ME_M936
30	80	0.089	M1556	M936	ME_M1556	ME_M936
31	80	0.0165	M1557	M936	ME_M1557	ME_M936
32	80	0.009	M1564	M936	ME_M1564	ME_M936
33	80	0.0045	M1572	M936	ME_M1572	ME_M936
34	80	0.0045	M158	M936	ME_M158	ME_M936
35	80	0.01	M1582	M936	ME_M1582	ME_M936
36	80	0.0015	M1592	M936	ME_M1592	ME_M936
37	80	0.0065	M1599	M936	ME_M1599	ME_M936
38	80	0.0065	M1640	M936	ME_M1640	ME_M936
39	80	0.0045	M1643	M936	ME_M1643	ME_M936
40	80	0.031	M1644	M936	ME_M1644	ME_M936
41	80	0.0055	M1649	M936	ME_M1649	ME_M936
42	80	0.0215	M1650	M936	ME_M1650	ME_M936
43	80	0.019	M1654	M936	ME_M1654	ME_M936
44	80	0.0095	M1710	M936	ME_M1710	ME_M936
45	80	0.0235	M1823	M936	ME_M1823	ME_M936
46	80	0.0155	M1849	M936	ME_M1849	ME_M936
47	80	0.004	M1861	M936	ME_M1861	ME_M936
48	80	0.0125	M187	M936	ME_M187	ME_M936
49	80	0.015	M188	M936	ME_M188	ME_M936
50	80	0.001	M189	M936	ME_M189	ME_M936
51	80	0.0055	M1903	M936	ME_M1903	ME_M936
53	80	0.0285	M191	M936	ME_M191	ME_M936
54	80	0.021	M1918	M936	ME_M1918	ME_M936
55	80	0.003	M192	M936	ME_M192	ME_M936
56	80	0.0405	M193	M936	ME_M193	ME_M936
57	80	0.002	M1969	M936	ME_M1969	ME_M936
58	80	0.009	M2198	M936	ME_M2198	ME_M936
60	80	0.0225	M34	M936	ME_M34	ME_M936
61	80	0.0045	M376	M936	ME_M376	ME_M936
62	80	0.0045	M38	M936	ME_M38	ME_M936
63	80	0.005	M396	M936	ME_M396	ME_M936
64	80	0.017	M56	M936	ME_M56	ME_M936
65	80	0.4795	M59	M936	ME_M59	ME_M936
66	80	0.018	M635	M936	ME_M635	ME_M936
67	80	0.013	M637	M936	ME_M637	ME_M936
69	80	0.005	M65	M936	ME_M65	ME_M936
70	80	0.007	M660	M936	ME_M660	ME_M936
71	80	0.758	M68	M936	ME_M68	ME_M936
72	80	0.002	M736	M936	ME_M736	ME_M936
73	80	0.005	M737	M936	ME_M737	ME_M936
74	80	0.0015	M742	M936	ME_M742	ME_M936
75	80	0.0095	M744	M936	ME_M744	ME_M936
76	80	0.034	M883	M936	ME_M883	ME_M936
77	80	0.011	M91	M936	ME_M91	ME_M936
78	80	0.0065	M92	M936	ME_M92	ME_M936
79	80	0.04	M93	M936	ME_M93	ME_M936
1	81	0.0385	M1024	PHENO_cogng_demog_slope	ME_M1024	PHENO_cogng_demog_slope
2	81	0.011	M1046	PHENO_cogng_demog_slope	ME_M1046	PHENO_cogng_demog_slope
3	81	0.016	M1115	PHENO_cogng_demog_slope	ME_M1115	PHENO_cogng_demog_slope
4	81	0.043	M1158	PHENO_cogng_demog_slope	ME_M1158	PHENO_cogng_demog_slope
5	81	0.0155	M1196	PHENO_cogng_demog_slope	ME_M1196	PHENO_cogng_demog_slope
6	81	0.0105	M1198	PHENO_cogng_demog_slope	ME_M1198	PHENO_cogng_demog_slope
7	81	0.009	M1206	PHENO_cogng_demog_slope	ME_M1206	PHENO_cogng_demog_slope
8	81	0.014	M1263	PHENO_cogng_demog_slope	ME_M1263	PHENO_cogng_demog_slope
9	81	0.011	M1304	PHENO_cogng_demog_slope	ME_M1304	PHENO_cogng_demog_slope
10	81	0.1105	M1308	PHENO_cogng_demog_slope	ME_M1308	PHENO_cogng_demog_slope
11	81	0.011	M1313	PHENO_cogng_demog_slope	ME_M1313	PHENO_cogng_demog_slope
12	81	0.019	M1314	PHENO_cogng_demog_slope	ME_M1314	PHENO_cogng_demog_slope
13	81	0.092	M1317	PHENO_cogng_demog_slope	ME_M1317	PHENO_cogng_demog_slope
14	81	0.022	M1403	PHENO_cogng_demog_slope	ME_M1403	PHENO_cogng_demog_slope
15	81	0.0415	M1405	PHENO_cogng_demog_slope	ME_M1405	PHENO_cogng_demog_slope
16	81	0.0795	M144	PHENO_cogng_demog_slope	ME_M144	PHENO_cogng_demog_slope
17	81	0.084	M1460	PHENO_cogng_demog_slope	ME_M1460	PHENO_cogng_demog_slope
18	81	0.0135	M1464	PHENO_cogng_demog_slope	ME_M1464	PHENO_cogng_demog_slope
19	81	0.012	M1477	PHENO_cogng_demog_slope	ME_M1477	PHENO_cogng_demog_slope
20	81	0.016	M1505	PHENO_cogng_demog_slope	ME_M1505	PHENO_cogng_demog_slope
21	81	0.0125	M1506	PHENO_cogng_demog_slope	ME_M1506	PHENO_cogng_demog_slope
22	81	0.0215	M1508	PHENO_cogng_demog_slope	ME_M1508	PHENO_cogng_demog_slope
23	81	0.0465	M1509	PHENO_cogng_demog_slope	ME_M1509	PHENO_cogng_demog_slope
24	81	0.0365	M1510	PHENO_cogng_demog_slope	ME_M1510	PHENO_cogng_demog_slope
25	81	0.098	M1537	PHENO_cogng_demog_slope	ME_M1537	PHENO_cogng_demog_slope
26	81	0.0685	M154	PHENO_cogng_demog_slope	ME_M154	PHENO_cogng_demog_slope
27	81	0.143	M1543	PHENO_cogng_demog_slope	ME_M1543	PHENO_cogng_demog_slope
28	81	0.011	M1547	PHENO_cogng_demog_slope	ME_M1547	PHENO_cogng_demog_slope
29	81	0.065	M1548	PHENO_cogng_demog_slope	ME_M1548	PHENO_cogng_demog_slope
30	81	0.067	M1556	PHENO_cogng_demog_slope	ME_M1556	PHENO_cogng_demog_slope
31	81	0.0585	M1557	PHENO_cogng_demog_slope	ME_M1557	PHENO_cogng_demog_slope
32	81	0.0415	M1564	PHENO_cogng_demog_slope	ME_M1564	PHENO_cogng_demog_slope
33	81	0.0075	M1572	PHENO_cogng_demog_slope	ME_M1572	PHENO_cogng_demog_slope
34	81	0.024	M158	PHENO_cogng_demog_slope	ME_M158	PHENO_cogng_demog_slope
35	81	0.0135	M1582	PHENO_cogng_demog_slope	ME_M1582	PHENO_cogng_demog_slope
36	81	0.0075	M1592	PHENO_cogng_demog_slope	ME_M1592	PHENO_cogng_demog_slope
37	81	0.0125	M1599	PHENO_cogng_demog_slope	ME_M1599	PHENO_cogng_demog_slope
38	81	0.015	M1640	PHENO_cogng_demog_slope	ME_M1640	PHENO_cogng_demog_slope
39	81	0.015	M1643	PHENO_cogng_demog_slope	ME_M1643	PHENO_cogng_demog_slope
40	81	0.0405	M1644	PHENO_cogng_demog_slope	ME_M1644	PHENO_cogng_demog_slope
41	81	0.027	M1649	PHENO_cogng_demog_slope	ME_M1649	PHENO_cogng_demog_slope
42	81	0.0115	M1650	PHENO_cogng_demog_slope	ME_M1650	PHENO_cogng_demog_slope
43	81	0.0305	M1654	PHENO_cogng_demog_slope	ME_M1654	PHENO_cogng_demog_slope
44	81	0.01	M1710	PHENO_cogng_demog_slope	ME_M1710	PHENO_cogng_demog_slope
45	81	0.05	M1823	PHENO_cogng_demog_slope	ME_M1823	PHENO_cogng_demog_slope
46	81	0.068	M1849	PHENO_cogng_demog_slope	ME_M1849	PHENO_cogng_demog_slope
47	81	0.0175	M1861	PHENO_cogng_demog_slope	ME_M1861	PHENO_cogng_demog_slope
48	81	0.018	M187	PHENO_cogng_demog_slope	ME_M187	PHENO_cogng_demog_slope
49	81	0.0115	M188	PHENO_cogng_demog_slope	ME_M188	PHENO_cogng_demog_slope
50	81	0.005	M189	PHENO_cogng_demog_slope	ME_M189	PHENO_cogng_demog_slope
51	81	0.044	M1903	PHENO_cogng_demog_slope	ME_M1903	PHENO_cogng_demog_slope
52	81	0.027	M1904	PHENO_cogng_demog_slope	ME_M1904	PHENO_cogng_demog_slope
53	81	0.015	M191	PHENO_cogng_demog_slope	ME_M191	PHENO_cogng_demog_slope
54	81	0.152	M1918	PHENO_cogng_demog_slope	ME_M1918	PHENO_cogng_demog_slope
55	81	0.0195	M192	PHENO_cogng_demog_slope	ME_M192	PHENO_cogng_demog_slope
56	81	0.0275	M193	PHENO_cogng_demog_slope	ME_M193	PHENO_cogng_demog_slope
57	81	0.0835	M1969	PHENO_cogng_demog_slope	ME_M1969	PHENO_cogng_demog_slope
58	81	0.013	M2198	PHENO_cogng_demog_slope	ME_M2198	PHENO_cogng_demog_slope
59	81	0.0405	M229	PHENO_cogng_demog_slope	ME_M229	PHENO_cogng_demog_slope
60	81	0.0125	M34	PHENO_cogng_demog_slope	ME_M34	PHENO_cogng_demog_slope
61	81	0.0775	M376	PHENO_cogng_demog_slope	ME_M376	PHENO_cogng_demog_slope
62	81	0.02	M38	PHENO_cogng_demog_slope	ME_M38	PHENO_cogng_demog_slope
63	81	0.015	M396	PHENO_cogng_demog_slope	ME_M396	PHENO_cogng_demog_slope
64	81	0.012	M56	PHENO_cogng_demog_slope	ME_M56	PHENO_cogng_demog_slope
65	81	0.0535	M59	PHENO_cogng_demog_slope	ME_M59	PHENO_cogng_demog_slope
66	81	0.0615	M635	PHENO_cogng_demog_slope	ME_M635	PHENO_cogng_demog_slope
67	81	0.083	M637	PHENO_cogng_demog_slope	ME_M637	PHENO_cogng_demog_slope
68	81	0.0255	M644	PHENO_cogng_demog_slope	ME_M644	PHENO_cogng_demog_slope
69	81	0.029	M65	PHENO_cogng_demog_slope	ME_M65	PHENO_cogng_demog_slope
70	81	0.1285	M660	PHENO_cogng_demog_slope	ME_M660	PHENO_cogng_demog_slope
71	81	0.0345	M68	PHENO_cogng_demog_slope	ME_M68	PHENO_cogng_demog_slope
72	81	0.0175	M736	PHENO_cogng_demog_slope	ME_M736	PHENO_cogng_demog_slope
73	81	0.0175	M737	PHENO_cogng_demog_slope	ME_M737	PHENO_cogng_demog_slope
74	81	0.0705	M742	PHENO_cogng_demog_slope	ME_M742	PHENO_cogng_demog_slope
75	81	0.0355	M744	PHENO_cogng_demog_slope	ME_M744	PHENO_cogng_demog_slope
76	81	0.034	M883	PHENO_cogng_demog_slope	ME_M883	PHENO_cogng_demog_slope
77	81	0.0095	M91	PHENO_cogng_demog_slope	ME_M91	PHENO_cogng_demog_slope
78	81	0.01	M92	PHENO_cogng_demog_slope	ME_M92	PHENO_cogng_demog_slope
79	81	0.023	M93	PHENO_cogng_demog_slope	ME_M93	PHENO_cogng_demog_slope
80	81	0.007	M936	PHENO_cogng_demog_slope	ME_M936	PHENO_cogng_demog_slope
